BEIDOU G1               
1 36287U 10001A   17065.89894568 -.00000309  00000-0  00000+0 0  9996
2 36287   1.5153 353.7862 0003309 294.1058 340.5808  1.00270791 26183
BEIDOU G3               
1 36590U 10024A   17066.58531095 -.00000383  00000-0  00000+0 0  9990
2 36590   1.4988  33.8601 0005920 304.2488 148.5143  1.00276666 24805
BEIDOU IGSO 1           
1 36828U 10036A   17066.47898267 -.00000173  00000-0  10000-3 0  9994
2 36828  54.1923 194.4909 0052477 221.9835  40.0562  1.00260021 24234
BEIDOU G4               
1 37210U 10057A   17066.07684810 -.00000141  00000-0  00000+0 0  9996
2 37210   0.8831  50.8156 0005148 193.6146 108.0670  1.00269497 23306
BEIDOU IGSO 2           
1 37256U 10068A   17066.44721627 -.00000217  00000-0  10000-3 0  9996
2 37256  53.2547 312.4436 0049749 206.9354 286.1289  1.00265032 22825
BEIDOU IGSO 3           
1 37384U 11013A   17065.84493674 -.00000151  00000-0  10000-3 0  9997
2 37384  57.7002  74.0036 0029206 211.5392 303.0444  1.00291919 21698
BEIDOU IGSO 4           
1 37763U 11038A   17065.85990304 -.00000098  00000-0  10000-3 0  9998
2 37763  54.5006 196.8437 0042643 209.2280 162.3700  1.00260708 20665
BEIDOU IGSO 5           
1 37948U 11073A   17065.61976760 -.00000162  00000-0  10000-3 0  9998
2 37948  53.3393 311.9239 0042953 205.6414 325.7866  1.00275748 19418
BEIDOU G5               
1 38091U 12008A   17066.05534556  .00000029  00000-0  00000+0 0  9995
2 38091   2.0471  54.8150 0003753 235.1723 313.5610  1.00273627 18490
BEIDOU M3               
1 38250U 12018A   17065.69272141 -.00000015  00000-0  10000-3 0  9992
2 38250  56.1782  57.5729 0024427 227.7452 334.4470  1.86233114 33169
BEIDOU M4               
1 38251U 12018B   17066.37190038 -.00000018  00000-0  10000-3 0  9996
2 38251  56.1150  56.9874 0026427 221.3750 124.5363  1.86233912 33172
BEIDOU M6               
1 38775U 12050B   17066.12815375 -.00000038  00000-0  00000+0 0  9991
2 38775  54.8391 176.7310 0019965 228.2880 149.6266  1.86233125 30555
BEIDOU G6               
1 38953U 12059A   17066.59038215 -.00000204  00000-0  10000-3 0  9999
2 38953   1.4473  80.0252 0005196 184.8565 197.1128  1.00273756 16078
BEIDOU I1-S             
1 40549U 15019A   17065.79940183 -.00000188  00000-0  00000+0 0  9995
2 40549  54.4922 334.9409 0038841 183.6230  28.4906  1.00262169  7091
BEIDOU-3 M1             
1 40748U 15037A   17065.75703870 -.00000019  00000-0  00000-0 0  9996
2 40748  55.3836  57.0373 0009752 274.5804 287.7019  1.86237754 10999
BEIDOU-3 M2             
1 40749U 15037B   17065.50756743 -.00000018  00000-0  00000+0 0  9995
2 40749  55.3844  57.0325 0010558 282.1436 251.2591  1.86237152 10980
BEIDOU I2-S             
1 40938U 15053A   17066.48171972 -.00000127  00000-0  00000+0 0  9997
2 40938  54.3421 297.8214 0046302 172.2503 324.9152  1.00273870  5383
BEIDOU M3-S             
1 41315U 16006A   17066.34894866 -.00000040  00000-0  00000+0 0  9999
2 41315  55.0243 176.9349 0001524 310.3126  82.8781  1.86235667  7490
BEIDOU IGSO 6           
1 41434U 16021A   17066.02998889 -.00000105  00000-0  10000-3 0  9990
2 41434  55.4087  73.5211 0028625 186.4885   9.2712  1.00291104  3506
BEIDOU G7               
1 41586U 16037A   17065.01393819 -.00000273  00000-0  00000-0 0  9997
2 41586   1.4053 313.6557 0002961 315.7813  44.0105  1.00273745  2808
