EYESAT-1 (AO-27)        
1 22825U 93061C   17066.45615900  .00000022  00000-0  26076-4 0  9997
2 22825  98.7994  30.8578 0007316 269.0454  90.9890 14.29988024222867
CUTE-1 (CO-55)          
1 27844U 03031E   17065.69890631  .00000078  00000-0  54966-4 0  9992
2 27844  98.6921  76.1872 0008633 285.6200  74.4024 14.22019125709718
CUBESAT XI-IV (CO-57)   
1 27848U 03031J   17065.95251452  .00000067  00000-0  50315-4 0  9999
2 27848  98.7015  76.6516 0008597 295.0665  64.9620 14.21636192709642
CUBESAT XI 5            
1 28895U 05043F   17066.01958109  .00000247  00000-0  56269-4 0  9992
2 28895  97.8519 233.0906 0018214 106.1768 254.1441 14.63352413605544
CUTE-1.7+APD II (CO-65) 
1 32785U 08021C   17065.81710938  .00000347  00000-0  43617-4 0  9991
2 32785  97.5768  94.7151 0014126 142.6174 217.6028 14.87811405479673
COMPASS-1               
1 32787U 08021E   17066.17875929  .00000997  00000-0  10234-3 0  9994
2 32787  97.5722 103.2892 0014121 116.4885 243.7785 14.92457839480288
AAUSAT-II               
1 32788U 08021F   17066.55047969  .00000492  00000-0  51537-4 0  9994
2 32788  97.5715 106.3076 0013564 108.9449 251.3242 14.93717339480504
DELFI-C3 (DO-64)        
1 32789U 08021G   17066.41161931  .00001611  00000-0  11919-3 0  9999
2 32789  97.5724 126.7496 0014866  89.5344 270.7586 15.04484238481566
CANX-2                  
1 32790U 08021H   17065.84563382  .00000314  00000-0  40219-4 0  9998
2 32790  97.5740  93.1891 0014796 144.1702 216.0511 14.87547213479628
SEEDS II (CO-66)        
1 32791U 08021J   17066.04470110  .00000637  00000-0  71194-4 0  9992
2 32791  97.5748  98.9759 0014767 129.3374 230.9156 14.90112929479931
SWISSCUBE               
1 35932U 09051B   17066.35877778  .00000229  00000-0  62996-4 0  9998
2 35932  98.4786 203.1384 0007483 195.5102 164.5867 14.55966882395505
BEESAT                  
1 35933U 09051C   17065.94132775  .00000200  00000-0  56173-4 0  9993
2 35933  98.4820 203.9614 0005362 208.0950 151.9958 14.56091430395469
ITUPSAT 1               
1 35935U 09051E   17065.94172758  .00000181  00000-0  52694-4 0  9992
2 35935  98.4931 204.2140 0007799 203.9267 156.1568 14.55289357395339
TISAT 1                 
1 36799U 10035E   17066.29208625  .00000724  00000-0  80648-4 0  9990
2 36799  98.0479 187.0521 0011269 304.7508  55.2648 14.90255810360603
M-CUBED & EXP-1 PRIME   
1 37855U 11061F   17066.46556426  .00001332  00000-0  78108-4 0  9992
2 37855 101.7225 246.1894 0181936  21.8395 339.0446 15.02649627291517
HORYU 2                 
1 38340U 12025D   17066.48813879  .00000336  00000-0  57722-4 0  9995
2 38340  98.3752  66.8394 0010426 253.8619 106.1442 14.75267297258291
STRAND-1                
1 39090U 13009E   17065.80035593  .00000033  00000-0  27259-4 0  9991
2 39090  98.5633 272.1404 0008201 240.7368 119.2997 14.34951304210799
BRITE-AUSTRIA           
1 39091U 13009F   17065.60985349  .00000005  00000-0  17119-4 0  9996
2 39091  98.5593 271.3739 0009442 250.4561 109.5605 14.35016109210770
UNIBRITE                
1 39092U 13009G   17065.80944483  .00000038  00000-0  28940-4 0  9993
2 39092  98.5601 271.2738 0008373 241.9650 118.0688 14.34889611210787
AIST-2                  
1 39133U 13015D   17066.51610214  .00000298  00000-0  33841-4 0  9991
2 39133  64.8720 246.8440 0032508 299.5822  60.2059 15.04197677213006
SOMP                    
1 39134U 13015E   17065.74559287  .00002369  00000-0  12671-3 0  9996
2 39134  64.8693 197.0006 0030057 296.7844  63.0208 15.17366572213554
BEESAT-2                
1 39136U 13015G   17065.85373449  .00002027  00000-0  11830-3 0  9991
2 39136  64.8709 205.9526 0027993 296.6499  63.1759 15.14739117213772
NEE-01 PEGASUS          
1 39151U 13018B   17066.19456073  .00000289  00000-0  45575-4 0  9996
2 39151  97.9842 158.3671 0017587  24.8608 335.3446 14.79657518208457
CUBEBUG-1 (CAPITAN BETO)
1 39153U 13018D   17066.48657280  .00000313  00000-0  48151-4 0  9994
2 39153  97.9859 159.3370 0017454  22.4698 337.7274 14.80111683208545
ESTCUBE 1               
1 39161U 13021C   17066.43022049  .00000337  00000-0  61786-4 0  9996
2 39161  98.0308 153.7504 0011182 106.8833 253.3445 14.71842302205787
POPACS 1                
1 39268U 13055D   17065.87683467  .00006148  00000-0  17728-3 0  9997
2 39268  81.0033 114.8519 0657340 159.3367 203.5792 14.29623574177560
POPACS 2                
1 39269U 13055E   17066.13973629  .00005056  00000-0  15025-3 0  9995
2 39269  81.0174 127.5058 0704441 192.5206 165.7659 14.19081350176820
POPACS 3                
1 39270U 13055F   17065.50441648  .00002544  00000-0  81436-4 0  9997
2 39270  81.0191 135.1485 0727179 215.9924 139.0159 14.12616613155577
FIREFLY                 
1 39404U 13064AA  17065.86951161  .00039290  00000-0  34064-3 0  9993
2 39404  40.5004 226.0809 0005081  11.0636 349.0300 15.68300552181557
ZACUBE-1 (TSHEPISOSAT)  
1 39417U 13066B   17066.11691923  .00000368  00000-0  53314-4 0  9999
2 39417  97.6437 113.2390 0058159 243.0587 116.4677 14.80634127177674
WNISAT-1                
1 39423U 13066H   17066.47765173  .00000242  00000-0  57309-4 0  9993
2 39423  97.6768  63.3085 0177030  36.5549 324.7578 14.52807758174466
TRITON-1                
1 39427U 13066M   17066.11290448  .00000369  00000-0  67492-4 0  9990
2 39427  97.6447  88.2777 0113361 316.2574  42.9691 14.67393344176072
GOMX 1                  
1 39430U 13066Q   17066.45459913  .00000412  00000-0  84054-4 0  9997
2 39430  97.6644  73.2561 0152130   4.9080 355.3570 14.58803323175103
BRITE-PL                
1 39431U 13066R   17065.90366003  .00000187  00000-0  49320-4 0  9990
2 39431  97.6966  52.7913 0204105  72.4970 289.8416 14.46811856173466
HUMSAT-D                
1 39433U 13066T   17066.13689267  .00000913  00000-0  96519-4 0  9997
2 39433  97.6645 132.2228 0031108 193.6435 166.3947 14.91283730178803
EAGLE 2                 
1 39436U 13066W   17065.82922028  .00023485  00000-0  75230-3 0  9995
2 39436  97.7045 167.2275 0012580  88.6187 271.6495 15.32305240180955
CUBEBUG-2 (LO-74)       
1 39440U 13066AA  17066.51633031  .00000306  00000-0  50260-4 0  9994
2 39440  97.6411 103.6065 0079369 270.1313  89.0802 14.75379787177103
NEE-02 KRYSAOR          
1 39441U 13066AB  17066.05979265  .00000229  00000-0  40064-4 0  9991
2 39441  97.6391 102.0349 0080709 274.8465  84.3533 14.74565488176931
FUNCUBE-1 (AO-73)       
1 39444U 13066AE  17065.67361295  .00000401  00000-0  56568-4 0  9997
2 39444  97.6452 113.7403 0057357 241.5749 117.9677 14.81348909175847
UWE-3                   
1 39446U 13066AG  17065.91641515  .00000353  00000-0  54245-4 0  9998
2 39446  97.6414 107.7896 0069105 258.2128 101.1326 14.77909404175503
BRITE-TORONTO           
1 40020U 14033L   17066.56837860  .00000099  00000-0  25792-4 0  9997
2 40020  97.8518 301.8167 0086358 290.6122  68.5837 14.66360153145196
DUCHIFAT-1              
1 40021U 14033M   17066.21031791  .00000724  00000-0  81440-4 0  9996
2 40021  97.9230 339.2129 0011679 279.1398  80.8498 14.89752731147412
FLOCK 1C-10             
1 40023U 14033P   17066.29481786  .00001210  00000-0  13612-3 0  9995
2 40023  97.9283 338.5095 0011678 285.6777  74.3115 14.88521505147346
NANOSATC-BR1            
1 40024U 14033Q   17066.30124589  .00000628  00000-0  72578-4 0  9992
2 40024  97.9194 338.3471 0011004 279.6285  80.3689 14.89097059147384
QB50P1                  
1 40025U 14033R   17066.29427200  .00000480  00000-0  57963-4 0  9994
2 40025  97.9180 337.5279 0011208 282.2712  77.7250 14.88323622147334
FLOCK 1C-7              
1 40026U 14033S   17066.29455783  .00001287  00000-0  14193-3 0  9995
2 40026  97.9281 339.0952 0010180 282.7951  77.2110 14.89252535147380
FLOCK 1C-1              
1 40027U 14033T   17066.53601692  .00001101  00000-0  12419-3 0  9999
2 40027  97.9266 338.9467 0011756 281.6064  78.3823 14.88594185147399
POPSAT-HIP-1            
1 40028U 14033U   17066.45151863  .00000657  00000-0  77328-4 0  9997
2 40028  97.9207 337.9288 0012419 280.2958  79.6871 14.88197617147340
FLOCK 1C-2              
1 40029U 14033V   17066.49886979  .00001112  00000-0  12529-3 0  9993
2 40029  97.9266 338.7767 0013038 276.8778  83.0945 14.88605432147379
FLOCK 1C-4              
1 40031U 14033X   17066.50596757  .00000526  00000-0  62676-4 0  9997
2 40031  97.9283 338.7879 0013182 275.9705  84.0006 14.88492235147368
QB50P2                  
1 40032U 14033Y   17066.17703171  .00000492  00000-0  59831-4 0  9992
2 40032  97.9157 336.6333 0010564 276.6118  83.3895 14.87883140147274
FLOCK 1C-11             
1 40033U 14033Z   17066.33301884  .00001736  00000-0  18586-3 0  9999
2 40033  97.9291 339.7427 0010668 270.4734  89.5253 14.89997120147422
ANTELSAT                
1 40034U 14033AA  17065.61981521  .00000333  00000-0  57592-4 0  9995
2 40034  97.8737 312.6473 0057721 262.7337  96.7308 14.73623220145285
FLOCK 1C-9              
1 40035U 14033AB  17066.28954916  .00001295  00000-0  14478-3 0  9991
2 40035  97.9278 338.8814 0010768 271.4160  88.5798 14.88655591147340
FLOCK 1C-6              
1 40036U 14033AC  17066.51933304  .00001372  00000-0  15271-3 0  9994
2 40036  97.9297 339.2893 0011018 272.1013  87.8979 14.88761355147392
PERSEUS-M2              
1 40037U 14033AD  17066.19410138  .00000212  00000-0  30458-4 0  9991
2 40037  97.9186 335.4470 0013065 281.1234  78.8512 14.86182447147163
FLOCK 1C-5              
1 40038U 14033AE  17066.32479329  .00001421  00000-0  15780-3 0  9997
2 40038  97.9286 338.9286 0013219 271.7001  88.2706 14.88765227147352
PERSEUS-M1              
1 40039U 14033AF  17066.30280426  .00000157  00000-0  24341-4 0  9993
2 40039  97.9195 335.1682 0012882 276.0100  83.9647 14.85807037147140
FLOCK 1C-8              
1 40040U 14033AG  17066.31281415  .00001363  00000-0  14476-3 0  9992
2 40040  97.9303 340.6575 0011832 258.3633 101.6253 14.90674506147457
FLOCK 1C-3              
1 40041U 14033AH  17066.53497728  .00001547  00000-0  17256-3 0  9996
2 40041  97.9279 338.9543 0011812 267.0047  92.9813 14.88459024147366
POLYITAN-1              
1 40042U 14033AJ  17066.30904954  .00000610  00000-0  72595-4 0  9994
2 40042  97.9252 337.4921 0013448 268.7093  91.2583 14.87941478147272
TIGRISAT                
1 40043U 14033AK  17065.93922013  .00000246  00000-0  44364-4 0  9997
2 40043  97.8719 313.5739 0058851 263.1838  96.2673 14.73924584145474
LEMUR-1                 
1 40044U 14033AL  17066.17986217  .00000243  00000-0  44141-4 0  9991
2 40044  97.8717 313.5831 0058003 263.4297  96.0307 14.73750092145795
AEROCUBE 6A             
1 40045U 14033AM  17066.16008214  .00000395  00000-0  65320-4 0  9993
2 40045  97.8819 314.6739 0057064 258.4552 101.0247 14.74715478145680
AEROCUBE 6B             
1 40046U 14033AN  17066.43162223  .00000471  00000-0  76473-4 0  9991
2 40046  97.8813 314.8796 0056267 257.1841 102.3077 14.74716204145864
UKUBE-1                 
1 40074U 14037F   17066.50920680  .00000738  00000-0  97011-4 0  9990
2 40074  98.3366 176.9337 0005419  33.9945 326.1615 14.83398709144106
BRITE-PL 2              
1 40119U 14049B   17065.93638652  .00000249  00000-0  36326-4 0  9993
2 40119  97.9400 152.3683 0018836  65.3695 294.9478 14.84086571137901
FIREBIRD 4              
1 40378U 15003C   17066.49194434  .00002264  00000-0  10121-3 0  9991
2 40378  99.1143 230.2878 0137900 339.4527  20.1185 15.14696781115613
GRIFEX                  
1 40379U 15003D   17066.38408175  .00002063  00000-0  97443-4 0  9990
2 40379  99.1150 228.3608 0143347 346.1592  13.5721 15.12425939115491
EXOCUBE                 
1 40380U 15003E   17066.14137698  .00001532  00000-0  75926-4 0  9997
2 40380  99.1182 227.0376 0146816 350.1467   9.6886 15.11041677115384
DEORBITSAIL             
1 40719U 15032E   17065.68815943  .00000589  00000-0  92950-4 0  9996
2 40719  97.9921 320.6671 0017768 110.7921 249.5194 14.75931111 89201
TIANWANG 1C (TW-1C)     
1 40926U 15051B   17066.37950968  .00011865  00000-0  28883-3 0  9993
2 40926  97.2430 106.7742 0012371 170.2319 317.4779 15.41011106 81234
TIANWANG 1B (TW-1B)     
1 40927U 15051C   17066.57854560  .00011336  00000-0  28589-3 0  9993
2 40927  97.2521 107.0302 0012147 179.0737 338.9290 15.39948844 81224
TIANWANG 1A (TW-1A)     
1 40928U 15051D   17066.31636557  .00006329  00000-0  18685-3 0  9992
2 40928  97.2402 103.9495 0012317 196.7906 296.5661 15.35246097 81064
LEMUR-2-JOEL            
1 40932U 15052C   17066.15282468  .00001082  00000-0  59841-4 0  9999
2 40932   6.0095 236.4016 0014311 253.7658 106.0851 14.77399506 77891
LEMUR-2-CHRIS           
1 40933U 15052D   17066.16518382  .00000883  00000-0  32263-4 0  9995
2 40933   6.0057 235.3891 0014920 255.3156 104.6188 14.77544125 77904
LEMUR-2-JEROEN          
1 40934U 15052E   17066.15701775  .00000575  00000-0 -89168-5 0  9991
2 40934   6.0081 239.8095 0011123 242.3240 117.6235 14.76855503 77832
LEMUR-2-PETER           
1 40935U 15052F   17066.16132621  .00001096  00000-0  63909-4 0  9993
2 40935   6.0045 240.9731 0010500 242.0538 117.8439 14.76632555 77836
EXACTVIEW 9             
1 40936U 15052G   17065.86056079  .00000941  00000-0  43143-4 0  9998
2 40936   6.0034 244.9389 0010440 230.0199 129.9064 14.76201449 77787
ATHENOXAT 1             
1 41168U 15077C   17066.42976390  .00003642  00000-0  17140-3 0  9991
2 41168  14.9899 192.6173 0012651  44.6894   1.8178 15.11191576 67624
GALASSIA                
1 41170U 15077E   17066.17916330  .00002782  00000-0  11966-3 0  9998
2 41170  14.9883 191.4049 0013715  58.8230 301.3434 15.11732161 67615
VELOX 2                 
1 41171U 15077F   17065.61046258  .00002235  00000-0  95260-4 0  9993
2 41171  14.9904 205.0140 0009319  13.2945 346.7621 15.09593708 67448
AGGIESAT 4              
1 41313U 98067HP  17065.76626478  .00024274  00000-0  21002-3 0  9994
2 41313  51.6368 166.7458 0003197  96.9718 263.1642 15.69036983 62822
BEVO 2                  
1 41314U 98067HQ  17066.14049303  .00080127  00000-0  38189-3 0  9997
2 41314  51.6249 150.8621 0002450  51.1396 308.9824 15.82141332 62867
HORYU-IV                
1 41340U 16012D   17065.94512066  .00000936  00000-0  65804-4 0  9999
2 41340  31.0059  39.0317 0014332 141.6895 218.4760 15.00465412 57640
OUFTI-1                 
1 41458U 16025C   17066.51326243  .00002616  00000-0  14557-3 0  9992
2 41458  98.1947  98.2366 0174522 269.4011  88.7214 15.02659230 47307
E-ST@R-II               
1 41459U 16025D   17066.19169849  .00002243  00000-0  12536-3 0  9995
2 41459  98.1966  97.8646 0175805 269.5959  88.5078 15.02547442 47253
AAUSAT 4                
1 41460U 16025E   17066.50951761  .00003773  00000-0  20874-3 0  9997
2 41460  98.1876  98.2572 0168413 268.2152  89.9761 15.03248058 47319
DIWATA-1                
1 41463U 98067HT  17066.39741946  .00012636  00000-0  15682-3 0  9994
2 41463  51.6423 178.2899 0001191 104.9081   6.0084 15.60415991 48898
MINXSS                  
1 41474U 98067HU  17066.49246954  .00143912  00000-0  69598-3 0  9993
2 41474  51.6446 160.3901 0003771  12.1265 347.9827 15.81579983 46212
STMSAT-1                
1 41476U 98067HW  17066.48165824  .00162335  00000-0  65474-3 0  9999
2 41476  51.6340 158.6714 0005474   0.4607 359.6401 15.85354603 46145
NODES 2                 
1 41477U 98067HX  17065.51282115  .00048322  00000-0  37609-3 0  9994
2 41477  51.6338 172.5233 0002885  16.9353 343.1740 15.71234097 45879
NODES 1                 
1 41478U 98067HY  17066.48512596  .00047413  00000-0  37129-3 0  9998
2 41478  51.6343 167.7648 0002912  21.2270 338.8848 15.71095856 46026
FLOCK 2E'-1             
1 41479U 98067HZ  17066.37979177  .00025924  00000-0  26581-3 0  9992
2 41479  51.6399 173.6226 0001183 234.8196 235.4259 15.64771777 45891
FLOCK 2E'-3             
1 41480U 98067JA  17066.53133597  .00022003  00000-0  22528-3 0  9992
2 41480  51.6384 172.4517 0001498 299.8910 146.8086 15.64915149 45921
FLOCK 2E'-2             
1 41481U 98067JB  17066.52807205  .00025386  00000-0  25254-3 0  9992
2 41481  51.6379 171.6443 0001066 247.4291 204.4254 15.65549146 45915
FLOCK 2E'-4             
1 41482U 98067JC  17066.52343340  .00029140  00000-0  27956-3 0  9991
2 41482  51.6375 171.6180 0002120 333.7603 111.6505 15.66375893 45913
FLOCK 2E-1              
1 41483U 98067JD  17066.38703601  .00021922  00000-0  22855-3 0  9999
2 41483  51.6387 173.6984 0002256 350.7100 124.7608 15.64458068 45746
FLOCK 2E-2              
1 41484U 98067JE  17066.51730932  .00026617  00000-0  26504-3 0  9993
2 41484  51.6396 172.3735 0001827 354.7616  99.8626 15.65496560 45771
LEMUR-2-THERESACONDOR   
1 41485U 98067JF  17066.35958780  .00318472  50643-4  83081-3 0  9997
2 41485  51.6307 156.0312 0006716   4.3093 110.4578 15.94402668 45935
FLOCK 2E-3              
1 41486U 98067JG  17066.53721649  .00020539  00000-0  22065-3 0  9997
2 41486  51.6383 174.0043 0002358  32.7153  54.5785 15.63738094 45783
FLOCK 2E-4              
1 41487U 98067JH  17066.44263223  .00026470  00000-0  27246-3 0  9993
2 41487  51.6387 173.4387 0003150  44.9156 359.6633 15.64658745 45787
LEMUR-2-NICK-ALLAIN     
1 41488U 98067JJ  17066.48509870  .00234731  31386-4  74657-3 0  9993
2 41488  51.6344 156.9786 0005750 354.2213  97.0158 15.90698929 45938
LEMUR-2-KANE            
1 41489U 98067JK  17066.49882497  .00241904  32684-4  76536-3 0  9994
2 41489  51.6354 156.5106 0005340 352.7088   6.6756 15.90797305 45196
LEMUR-2-JEFF            
1 41490U 98067JL  17066.42698954  .00407624  81841-4  78519-3 0  9997
2 41490  51.6339 153.5229 0008309 359.3336  81.4442 15.99821515 45970
FLOCK 2E-6              
1 41563U 98067JM  17065.73412860  .00020888  00000-0  22549-3 0  9990
2 41563  51.6386 178.2331 0001606 217.5626 293.0378 15.63602577 43716
FLOCK 2E-5              
1 41564U 98067JN  17066.49086669  .00019087  00000-0  20759-3 0  9999
2 41564  51.6371 174.4468 0002186 210.1700 227.2702 15.63477426 43821
FLOCK 2E-7              
1 41565U 98067JP  17066.52745465  .00022887  00000-0  22933-3 0  9998
2 41565  51.6371 172.4083 0003007  75.3933  10.7886 15.65431618 43750
FLOCK 2E-8              
1 41566U 98067JQ  17066.45109137  .00065695  00000-0  42284-3 0  9996
2 41566  51.6375 165.8505 0003602  28.6817  51.1575 15.75548490 43823
FLOCK 2E'-5             
1 41567U 98067JR  17066.49954803  .00019198  00000-0  21416-3 0  9990
2 41567  51.6387 175.2439 0003947 115.6568 328.4913 15.62817109 43682
FLOCK 2E'-6             
1 41568U 98067JS  17066.44240419  .00020714  00000-0  21942-3 0  9997
2 41568  51.6373 174.1711 0003403 114.3714 292.7678 15.64090027 43725
FLOCK 2E'-8             
1 41569U 98067JT  17066.38671209  .00025842  00000-0  25695-3 0  9992
2 41569  51.6364 172.9208 0001854  10.5589 100.5910 15.65549470 43613
FLOCK 2E'-7             
1 41570U 98067JU  17066.41227361  .00036257  00000-0  33412-3 0  9992
2 41570  51.6374 171.5966 0002336   7.0252 109.1598 15.67261427 43652
FLOCK 2E-9              
1 41571U 98067JV  17066.41254469  .00023159  00000-0  22680-3 0  9994
2 41571  51.6381 172.3423 0002621  79.5475  36.4291 15.66000430 43607
FLOCK 2E-10             
1 41572U 98067JW  17066.49445951  .00024867  00000-0  25351-3 0  9996
2 41572  51.6393 172.9520 0003371 104.8877 342.5873 15.64941052 43605
FLOCK 2E-12             
1 41573U 98067JX  17066.33729922  .00026745  00000-0  26718-3 0  9998
2 41573  51.6400 173.4941 0003318  98.9853 300.9612 15.65407881 43580
FLOCK 2E-11             
1 41574U 98067JY  17066.35882398  .00027628  00000-0  27281-3 0  9995
2 41574  51.6365 172.7223 0003723 115.0989 351.0053 15.65680721 43590
FLOCK 2E'-9             
1 41575U 98067JZ  17066.52732671  .00025642  00000-0  24880-3 0  9999
2 41575  51.6371 171.6222 0003116 141.9469 305.0260 15.66166285 43619
FLOCK 2E'-10            
1 41576U 98067KA  17066.40999355  .00025825  00000-0  25744-3 0  9994
2 41576  51.6383 173.0880 0002948 127.7525 347.3234 15.65483541 43487
FLOCK 2E'-11            
1 41577U 98067KB  17066.34072047  .00025758  00000-0  26006-3 0  9995
2 41577  51.6382 173.5356 0003777  92.4632 307.5817 15.65162118 43296
FLOCK 2E'-12            
1 41578U 98067KC  17066.33763024  .00027086  00000-0  26618-3 0  9992
2 41578  51.6369 173.4762 0004064  83.8387 316.1680 15.65811444 43290
LEMUR-2-DRMUZZ          
1 41595U 16019B   17066.49180475  .00069743  00000-0  40396-3 0  9993
2 41595  51.6326 161.0394 0005203 329.1137  30.9557 15.77905329 40606
LEMUR-2-BRIDGEMAN       
1 41596U 16019C   17066.61132084  .06027144  12239-4  10864-2 0  9993
2 41596  51.6265 145.0217 0005476 349.1229  10.9422 16.31681591 40805
FLOCK 2P-6              
1 41606U 16040H   17066.44739890  .00002521  00000-0  11480-3 0  9999
2 41606  97.4717 129.9409 0012777  74.1954 286.0690 15.21548172 39236
FLOCK 2P-11             
1 41608U 16040K   17066.12486549  .00003114  00000-0  14104-3 0  9991
2 41608  97.4713 129.5970 0012846  75.7321 284.5340 15.21558765 39127
FLOCK 2P-2              
1 41609U 16040L   17066.46861915  .00005583  00000-0  25099-3 0  9990
2 41609  97.4720 129.9214 0012748  74.2016 286.0625 15.21466304 39150
FLOCK 2P-9              
1 41610U 16040M   17066.47897828  .00005351  00000-0  24141-3 0  9995
2 41610  97.4718 129.8989 0012956  74.8039 285.4629 15.21362061 39038
FLOCK 2P-4              
1 41611U 16040N   17066.44251995  .00002621  00000-0  11918-3 0  9997
2 41611  97.4740 130.0251 0013166  82.2002 278.0728 15.21563322 39195
FLOCK 2P-10             
1 41612U 16040P   17066.42052690  .00005021  00000-0  22564-3 0  9993
2 41612  97.4747 130.0675 0013025  82.4570 277.8145 15.21524595 39198
FLOCK 2P-8              
1 41613U 16040Q   17066.43685603  .00005538  00000-0  24842-3 0  9995
2 41613  97.4741 130.0354 0013037  81.7446 278.5267 15.21537203 39197
FLOCK 2P-12             
1 41614U 16040R   17066.39751178  .00001891  00000-0  87022-4 0  9990
2 41614  97.4753 130.1184 0012664  81.9619 278.3053 15.21507913 39198
FLOCK 2P-7              
1 41615U 16040S   17066.43151277  .00001421  00000-0  66086-4 0  9996
2 41615  97.4738 130.0341 0012957  83.0381 277.2329 15.21556485 39192
FLOCK 2P-5              
1 41616U 16040T   17066.47435655  .00001727  00000-0  79674-4 0  9992
2 41616  97.4753 130.1684 0012703  81.4164 278.8510 15.21525642 39180
FLOCK 2P-1              
1 41617U 16040U   17066.39681255  .00002520  00000-0  11496-3 0  9992
2 41617  97.4754 130.1158 0012546  82.5639 277.7022 15.21498645 39191
FLOCK 2P-3              
1 41618U 16040V   17066.16255887  .00003962  00000-0  17875-3 0  9994
2 41618  97.4750 129.8155 0012724  82.8609 277.4073 15.21527001 39156
BEESAT-4                
1 41619U 16040W   17065.85925685  .00002769  00000-0  13038-3 0  9991
2 41619  97.4753 129.1962 0013748  69.4763 290.7946 15.20301646 27044
3CAT-2                  
1 41732U 16051B   17066.52939447  .00002993  00000-0  12441-3 0  9991
2 41732  97.3774 345.0446 0012226 273.0041 192.8893 15.24514470 31043
FLOCK 2E'-13            
1 41761U 98067KH  17066.42280929  .00015229  00000-0  20148-3 0  9992
2 41761  51.6397 182.2151 0007108 242.3127 227.6419 15.58511867 27028
FLOCK 2E'-14            
1 41762U 98067KJ  17066.41680944  .00015425  00000-0  20352-3 0  9998
2 41762  51.6399 182.1831 0007085 243.9042 226.8197 15.58572857 27022
FLOCK 2E'-16            
1 41763U 98067KK  17066.53678279  .00017565  00000-0  22843-3 0  9994
2 41763  51.6409 181.5157 0006349 250.9102 203.6304 15.58852215 27006
FLOCK 2E'-15            
1 41764U 98067KL  17066.36120506  .00014306  00000-0  19028-3 0  9992
2 41764  51.6413 182.5970 0006737 249.1976 204.9925 15.58429708 26971
FLOCK 2E'-18            
1 41769U 98067KM  17066.41700569  .00014033  00000-0  18621-3 0  9991
2 41769  51.6417 182.1791 0005486 271.9439 196.9483 15.58519126 26988
FLOCK 2E'-17            
1 41776U 98067KN  17066.41338117  .00014230  00000-0  18837-3 0  9993
2 41776  51.6413 182.1557 0005610 268.1281 203.3862 15.58570081 26974
FLOCK 2E'-19            
1 41777U 98067KP  17066.52377725  .00022274  00000-0  27516-3 0  9995
2 41777  51.6422 180.6753 0004814 265.0033 184.3985 15.60046530 26965
FLOCK 2E'-20            
1 41782U 98067KQ  17066.35736775  .00017986  00000-0  22770-3 0  9997
2 41782  51.6422 181.8171 0004938 270.2596 183.2838 15.59554351 26808
CANX-7                  
1 41788U 16059F   17066.14728158  .00000149  00000-0  37828-4 0  9991
2 41788  98.1797 128.7276 0031134 120.8918 239.5363 14.63675325 23665
ALSAT 1N                
1 41789U 16059G   17066.52020469  .00000174  00000-0  42240-4 0  9996
2 41789  98.1802 129.1874 0029791 113.3981 247.0371 14.64014712 23734
RAVAN                   
1 41849U 16067B   17065.67963171  .00001410  00000-0  12875-3 0  9997
2 41849  97.9565 142.0410 0007163 279.5262  80.5149 14.96728691 17177
CELTEE 1                
1 41850U 16067C   17066.16274790  .00000865  00000-0  81601-4 0  9993
2 41850  97.9571 142.5014 0007230 278.9642  81.0760 14.96467389 17248
OPTICUBE 04             
1 41851U 16067D   17066.16468452  .00000608  00000-0  58984-4 0  9997
2 41851  97.9571 142.4999 0007331 280.9486  79.0909 14.96428038 17241
AEROCUBE 8D             
1 41852U 16067E   17066.19148078  .00000105  00000-0  14790-4 0  9999
2 41852  97.9577 142.4775 0008525 279.2401  80.7855 14.96095945 17240
AEROCUBE 8C             
1 41853U 16067F   17066.19432494  .00000201  00000-0  23342-4 0  9998
2 41853  97.9575 142.4729 0008896 280.1493  79.8724 14.96058845 17243
PROMETHEUS 2-1          
1 41854U 16067G   17066.20386186  .00000801  00000-0  76862-4 0  9998
2 41854  97.9575 142.4601 0009195 278.8271  81.1909 14.95960013 17243
PROMETHEUS 2-3          
1 41855U 16067H   17066.20466965  .00000842  00000-0  80528-4 0  9992
2 41855  97.9576 142.4604 0009360 279.1162  80.8999 14.95951013 17240
LEMUR-2-XIAOQING        
1 41871U 16062C   17066.41687999  .00007104  00000-0  32453-3 0  9991
2 41871  51.6339 210.1823 0005786 236.6700 211.7580 15.21605933 15440
LEMUR-2-SOKOLSKY        
1 41872U 16062D   17066.41192898  .00006531  00000-0  29868-3 0  9990
2 41872  51.6354 210.1622 0005912 231.2689 213.8847 15.21702838 15433
LEMUR-2-ANUBHAVTHAKUR   
1 41873U 16062E   17066.41737843  .00002909  00000-0  14282-3 0  9995
2 41873  51.6410 210.3060 0005489 232.2536 162.3631 15.21275857 15420
LEMUR-2-WINGO           
1 41874U 16062F   17066.40936278  .00005450  00000-0  25303-3 0  9998
2 41874  51.6370 210.2547 0005383 232.7287 159.8698 15.21516080 15437
STARS-C                 
1 41895U 98067KR  17066.49680659  .00025938  00000-0  35881-3 0  9999
2 41895  51.6409 184.4295 0005414 300.1572  59.8849 15.56928657 12122
TANCREDO-1              
1 41931U 98067KT  17066.55803027  .00049395  00000-0  64004-3 0  9995
2 41931  51.6432 184.0871 0008471 263.2823  96.7186 15.58334954  7704
ITF-2                   
1 41932U 98067KU  17066.52713121  .00019290  00000-0  27625-3 0  9997
2 41932  51.6421 184.6346 0005484 253.9032 106.1283 15.56187304  7690
WASEDA-SAT3             
1 41933U 98067KV  17066.52571659  .00021997  00000-0  31227-3 0  9996
2 41933  51.6411 184.6233 0006591 260.4956  99.5263 15.56326099  7692
EGG                     
1 41934U 98067KW  17066.50664082  .00147817  00000-0  17595-2 0  9999
2 41934  51.6431 184.4955 0007156 289.8971  70.0909 15.60083740  7783
AOBA-VELOX 3            
1 41935U 98067KX  17066.52838848  .00021791  00000-0  31074-3 0  9996
2 41935  51.6460 184.6463 0006048 243.6396 116.3928 15.56213511  7792
TUPOD                   
1 41936U 98067KY  17066.55594894  .00067148  00000-0  84827-3 0  9990
2 41936  51.6484 184.0788 0005065 268.4322  91.6078 15.58904450  7180
OSNSAT                  
1 41939U 98067KZ  17066.50584150  .00039551  00000-0  53110-3 0  9990
2 41939  51.6471 184.4996 0007243 254.1816 105.8326 15.57493522  7045
FLOCK 3P-8              
1 41951U 17008D   17066.39581180  .00002304  00000-0  10556-3 0  9990
2 41951  97.5080 127.9819 0008597 177.8585 182.2706 15.21478913  3042
FLOCK 3P-51             
1 41952U 17008E   17065.79733780  .00002379  00000-0  10733-3 0  9998
2 41952  97.5085 127.4016 0007741 200.1285 159.9590 15.21985508  2953
FLOCK 3P-37             
1 41953U 17008F   17066.18927131  .00002369  00000-0  10629-3 0  9991
2 41953  97.5082 127.7964 0007030 202.5654 157.5276 15.22180963  3019
2017-008G               
1 41954U 17008G   17065.87224301  .00003339  00000-0  15230-3 0  9997
2 41954  97.5059 127.4459 0009532 179.9779 180.1390 15.21296862  2916
FLOCK 3P-19             
1 41955U 17008H   17065.87182562  .00002311  00000-0  10639-3 0  9997
2 41955  97.5076 127.4514 0009223 181.2389 178.8764 15.21310688  2897
2017-008J               
1 41956U 17008J   17066.72635783  .00001579  00000-0  73583-4 0  9994
2 41956  97.5083 128.3067 0009502 177.9209 182.2067 15.21349976  3104
FLOCK 3P-18             
1 41957U 17008K   17066.59481604  .00001471  00000-0  68787-4 0  9992
2 41957  97.5085 128.1760 0009506 178.8982 181.2276 15.21346088  2928
FLOCK 3P-22             
1 41958U 17008L   17065.73956633  .00002255  00000-0  10373-3 0  9995
2 41958  97.5080 127.3220 0008791 180.7815 179.3393 15.21362704  2783
FLOCK 3P-21             
1 41959U 17008M   17066.39690508  .00004421  00000-0  19984-3 0  9999
2 41959  97.5084 127.9800 0009138 178.3048 181.8241 15.21430587  2892
FLOCK 3P-28             
1 41960U 17008N   17066.13384660  .00002323  00000-0  10663-3 0  9996
2 41960  97.5088 127.7172 0008935 178.1803 181.9474 15.21393635  2935
FLOCK 3P-26             
1 41961U 17008P   17065.93645423  .00002303  00000-0  10576-3 0  9992
2 41961  97.5080 127.5203 0008925 179.8068 180.3114 15.21399390  2827
FLOCK 3P-17             
1 41962U 17008Q   17065.87044363  .00004820  00000-0  21745-3 0  9998
2 41962  97.5070 127.4528 0009030 181.8672 178.2574 15.21451438  2769
FLOCK 3P-27             
1 41963U 17008R   17065.87054852  .00002205  00000-0  10136-3 0  9990
2 41963  97.5088 127.4560 0008769 179.4477 180.6718 15.21407046  2818
FLOCK 3P-25             
1 41964U 17008S   17066.39668499  .00002355  00000-0  10800-3 0  9991
2 41964  97.5081 127.9790 0008906 177.7932 182.3349 15.21413470  2875
FLOCK 3P-4              
1 41965U 17008T   17065.87029558  .00002245  00000-0  10309-3 0  9993
2 41965  97.5084 127.4555 0008720 180.0651 180.0537 15.21427378  2890
FLOCK 3P-2              
1 41966U 17008U   17065.87000893  .00002329  00000-0  10673-3 0  9992
2 41966  97.5084 127.4568 0008590 180.2345 179.8840 15.21451524  2817
FLOCK 3P-1              
1 41967U 17008V   17066.00142756  .00002324  00000-0  10648-3 0  9991
2 41967  97.5083 127.5875 0008631 179.6325 180.4889 15.21461315  2837
FLOCK 3P-3              
1 41968U 17008W   17065.67241330  .00002130  00000-0  97850-4 0  9998
2 41968  97.5084 127.2600 0008608 181.7109 178.4085 15.21468977  2869
FLOCK 3P-6              
1 41969U 17008X   17066.46138900  .00002383  00000-0  10901-3 0  9996
2 41969  97.5089 128.0486 0008669 177.0286 183.1003 15.21495134  2900
FLOCK 3P-7              
1 41970U 17008Y   17066.06597852  .00009300  00000-0  41404-3 0  9997
2 41970  97.5088 127.6551 0008405 180.8943 179.2138 15.21654905  2839
FLOCK 3P-5              
1 41971U 17008Z   17066.06640255  .00002153  00000-0  98712-4 0  9998
2 41971  97.5084 127.6549 0008600 179.8049 180.3164 15.21518610  2772
FLOCK 3P-12             
1 41972U 17008AA  17066.00020269  .00002272  00000-0  10391-3 0  9998
2 41972  97.5081 127.5899 0008394 180.3913 179.7269 15.21553981  2918
FLOCK 3P-9              
1 41973U 17008AB  17066.06592939  .00002049  00000-0  94033-4 0  9991
2 41973  97.5084 127.6557 0008426 180.0756 180.0453 15.21553728  2922
FLOCK 3P-10             
1 41974U 17008AC  17066.06564275  .00002269  00000-0  10368-3 0  9996
2 41974  97.5086 127.6569 0008331 180.3175 179.8029 15.21579630  2803
FLOCK 3P-11             
1 41975U 17008AD  17066.06555242  .00002242  00000-0  10248-3 0  9999
2 41975  97.5084 127.6567 0008402 180.5412 179.5791 15.21584839  2704
FLOCK 3P-60             
1 41976U 17008AE  17066.06500297  .00008547  00000-0  38020-3 0  9992
2 41976  97.5096 127.6592 0008167 182.0152 178.1032 15.21711020  2170
FLOCK 3P-58             
1 41977U 17008AF  17066.45980296  .00002321  00000-0  10590-3 0  9993
2 41977  97.5086 128.0504 0008149 179.9738 180.1502 15.21613099  3064
FLOCK 3P-57             
1 41978U 17008AG  17065.93358985  .00002360  00000-0  10760-3 0  9992
2 41978  97.5088 127.5257 0008122 181.6459 178.4673 15.21620910  2829
FLOCK 3P-75             
1 41979U 17008AH  17065.93333817  .00002250  00000-0  10270-3 0  9994
2 41979  97.5107 127.5367 0007990 185.9911 174.1220 15.21637717  2976
FLOCK 3P-70             
1 41980U 17008AJ  17065.80174754  .00002240  00000-0  10225-3 0  9994
2 41980  97.5111 127.4070 0008252 185.3410 174.7680 15.21642816  2807
FLOCK 3P-73             
1 41981U 17008AK  17066.45929425  .00002208  00000-0  10079-3 0  9991
2 41981  97.5107 128.0634 0008332 181.9282 178.1927 15.21649600  3030
FLOCK 3P-88             
1 41982U 17008AL  17066.39342943  .00002297  00000-0  10470-3 0  9992
2 41982  97.5105 127.9963 0008306 183.0366 177.0825 15.21659088  1998
FLOCK 3P-85             
1 41983U 17008AM  17066.12941561  .00007789  00000-0  34562-3 0  9994
2 41983  97.5104 127.7359 0008457 181.7822 178.3329 15.21823785  2850
FLOCK 3P-79             
1 41984U 17008AN  17066.19558657  .00007377  00000-0  32812-3 0  9991
2 41984  97.5101 127.8004 0008084 184.6593 175.4582 15.21764424  2863
FLOCK 3P-86             
1 41985U 17008AP  17066.12994835  .00004155  00000-0  18654-3 0  9996
2 41985  97.5094 127.7318 0008893 181.6639 178.4642 15.21708456  2850
FLOCK 3P-36             
1 41986U 17008AQ  17066.45857746  .00002321  00000-0  10560-3 0  9993
2 41986  97.5089 128.0532 0007985 178.8753 181.2510 15.21705297  2387
FLOCK 3P-30             
1 41987U 17008AR  17066.12934167  .00006736  00000-0  29959-3 0  9997
2 41987  97.5085 127.7266 0007511 182.1036 177.9993 15.21806191  2800
FLOCK 3P-34             
1 41988U 17008AS  17066.39267016  .00002335  00000-0  10623-3 0  9998
2 41988  97.5087 127.9863 0007794 179.6452 180.4801 15.21715266  2375
FLOCK 3P-35             
1 41989U 17008AT  17066.19529616  .00002328  00000-0  10587-3 0  9995
2 41989  97.5092 127.7917 0007877 179.7849 180.3393 15.21723710  2348
FLOCK 3P-33             
1 41990U 17008AU  17066.39250335  .00002143  00000-0  97696-4 0  9990
2 41990  97.5081 127.9869 0007799 180.1915 179.9318 15.21725532  2377
2017-008AV              
1 41991U 17008AV  17066.39203036  .00003062  00000-0  13806-3 0  9998
2 41991  97.5088 127.9876 0007807 180.2618 179.8611 15.21776762  2370
2017-008AW              
1 41992U 17008AW  17066.45741531  .00004580  00000-0  20459-3 0  9991
2 41992  97.5079 128.0531 0007684 181.3701 178.7514 15.21831470  2388
2017-008AX              
1 41993U 17008AX  17066.39165202  .00003303  00000-0  14852-3 0  9992
2 41993  97.5089 127.9888 0007329 180.7405 179.3829 15.21808007  2378
2017-008AY              
1 41994U 17008AY  17066.39154829  .00003053  00000-0  13754-3 0  9998
2 41994  97.5084 127.9890 0007461 180.8868 179.2361 15.21812941  2370
2017-008AZ              
1 41995U 17008AZ  17065.86525029  .00003224  00000-0  14496-3 0  9998
2 41995  97.5088 127.4643 0008164 199.0739 161.0106 15.21833230  2972
2017-008BA              
1 41996U 17008BA  17066.45671368  .00003709  00000-0  16609-3 0  9999
2 41996  97.5091 128.0564 0008253 195.8182 164.2793 15.21869220  2280
2017-008BB              
1 41997U 17008BB  17065.86461289  .00004149  00000-0  18526-3 0  9992
2 41997  97.5091 127.4655 0007841 199.3512 160.7335 15.21900024  2284
2017-008BC              
1 41998U 17008BC  17065.93041790  .00003074  00000-0  13816-3 0  9995
2 41998  97.5090 127.5317 0008037 199.3677 160.7165 15.21877014  2227
2017-008BD              
1 41999U 17008BD  17066.06142205  .00004812  00000-0  21407-3 0  9990
2 41999  97.5084 127.6622 0008065 200.1226 159.9607 15.21945196  2311
DIDO-2                  
1 42000U 17008BE  17066.52187204  .00002151  00000-0  97623-4 0  9991
2 42000  97.5086 128.1222 0008046 198.1139 161.9804 15.21887423  2395
FLOCK 3P-49             
1 42001U 17008BF  17066.45554561  .00006972  00000-0  30837-3 0  9996
2 42001  97.5095 128.0581 0008193 196.1342 163.9680 15.21976227  2902
FLOCK 3P-67             
1 42002U 17008BG  17065.79804618  .00002234  00000-0  10112-3 0  9995
2 42002  97.5090 127.4003 0007629 199.5159 160.5724 15.21928736  2966
FLOCK 3P-68             
1 42003U 17008BH  17066.06088696  .00002311  00000-0  10446-3 0  9993
2 42003  97.5084 127.6622 0007782 199.6257 160.4649 15.21943828  2648
FLOCK 3P-41             
1 42004U 17008BJ  17066.45417086  .00002419  00000-0  10892-3 0  9990
2 42004  97.5078 128.0556 0007564 199.4393 160.6562 15.22037489  2891
FLOCK 3P-45             
1 42005U 17008BK  17066.51978588  .00002298  00000-0  10362-3 0  9994
2 42005  97.5083 128.1227 0007542 199.3335 160.7608 15.22044199  3063
FLOCK 3P-48             
1 42006U 17008BL  17065.73069625  .00002173  00000-0  98102-4 0  9992
2 42006  97.5092 127.3359 0007410 202.4807 157.6092 15.22052278  2737
FLOCK 3P-43             
1 42007U 17008BM  17065.79618657  .00002446  00000-0  10996-3 0  9991
2 42007  97.5079 127.4020 0007399 202.9847 157.1009 15.22076100  2951
FLOCK 3P-42             
1 42008U 17008BN  17065.92747183  .00002267  00000-0  10211-3 0  9995
2 42008  97.5084 127.5320 0007223 202.3761 157.7081 15.22089661  2904
FLOCK 3P-61             
1 42009U 17008BP  17065.79543783  .00002412  00000-0  10829-3 0  9998
2 42009  97.5079 127.4012 0007298 203.4348 156.6506 15.22133674  2938
FLOCK 3P-40             
1 42010U 17008BQ  17066.18880844  .00002395  00000-0  10731-3 0  9998
2 42010  97.5077 127.7960 0007208 202.1527 157.9400 15.22217440  2255
FLOCK 3P-16             
1 42011U 17008BR  17065.92574567  .00002356  00000-0  10559-3 0  9997
2 42011  97.5080 127.5334 0006830 205.4386 154.6430 15.22225011  2162
FLOCK 3P-14             
1 42012U 17008BS  17065.92549495  .00002105  00000-0  94640-4 0  9996
2 42012  97.5080 127.5342 0006817 205.4737 154.6092 15.22240320  2778
FLOCK 3P-53             
1 42013U 17008BT  17066.05672981  .00002167  00000-0  97257-4 0  9994
2 42013  97.5076 127.6654 0006800 204.4747 155.6125 15.22259464  2792
FLOCK 3P-54             
1 42014U 17008BU  17065.92515973  .00002203  00000-0  98797-4 0  9998
2 42014  97.5082 127.5338 0006709 205.4965 154.5864 15.22267502  2957
PEASSS                  
1 42015U 17008BV  17065.98871225  .00002878  00000-0  12749-3 0  9990
2 42015  97.5073 127.6014 0005720 205.4906 154.5994 15.22448387  2807
2017-008BW              
1 42016U 17008BW  17065.79121989  .00003856  00000-0  16957-3 0  9997
2 42016  97.5080 127.4057 0005452 208.9642 151.1267 15.22486036  2885
NAYIF-1 (EO-88)         
1 42017U 17008BX  17065.85677153  .00003692  00000-0  16241-3 0  9998
2 42017  97.5077 127.4722 0005777 207.2603 152.8249 15.22498357  2922
FLOCK 3P-23             
1 42018U 17008BY  17065.80531491  .00002392  00000-0  10982-3 0  9990
2 42018  97.5083 127.3880 0008788 180.8878 179.2335 15.21367541  1735
FLOCK 3P-69             
1 42019U 17008BZ  17066.13078803  .00002636  00000-0  11979-3 0  9999
2 42019  97.5119 127.7328 0008463 182.1777 177.9798 15.21630801  2854
FLOCK 3P-76             
1 42020U 17008CA  17066.39382162  .00002973  00000-0  13468-3 0  9994
2 42020  97.5135 127.9978 0008480 184.0233 176.0956 15.21634100  1776
FLOCK 3P-59             
1 42021U 17008CB  17066.13071177  .00002216  00000-0  10121-3 0  9991
2 42021  97.5108 127.7306 0008130 182.5295 177.5906 15.21632806  2855
FLOCK 3P-84             
1 42022U 17008CC  17065.86757967  .00006063  00000-0  27098-3 0  9994
2 42022  97.5071 127.4626 0007980 180.9049 179.2136 15.21677163  1834
FLOCK 3P-32             
1 42023U 17008CD  17066.39351795  .00002122  00000-0  97006-4 0  9992
2 42023  97.5097 127.9925 0008392 181.5915 178.5301 15.21648168  3052
FLOCK 3P-72             
1 42024U 17008CE  17066.32773764  .00002377  00000-0  10828-3 0  9998
2 42024  97.5115 127.9348 0008045 178.9613 181.1645 15.21653159  1913
FLOCK 3P-77             
1 42025U 17008CF  17065.93303801  .00002348  00000-0  10696-3 0  9997
2 42025  97.5106 127.5369 0008169 186.6674 173.4352 15.21662906  2823
FLOCK 3P-80             
1 42026U 17008CG  17065.40659259  .00005669  00000-0  25298-3 0  9994
2 42026  97.5102 127.0102 0009626 186.3137 173.8109 15.21745117   884
FLOCK 3P-66             
1 42027U 17008CH  17065.33777140  .00002369  00000-0  10706-3 0  9999
2 42027  97.5086 126.9399 0007479 202.0670 158.0307 15.21931217  2845
FLOCK 3P-65             
1 42028U 17008CJ  17065.92948981  .00002356  00000-0  10645-3 0  9996
2 42028  97.5106 127.5340 0007846 198.5084 161.5856 15.21935993  2830
FLOCK 3P-50             
1 42029U 17008CK  17066.38909175  .00002217  00000-0  10021-3 0  9994
2 42029  97.5092 127.9922 0007700 197.3603 162.7364 15.21984367  2238
FLOCK 3P-52             
1 42030U 17008CL  17065.92880201  .00002230  00000-0  10079-3 0  9991
2 42030  97.5087 127.5330 0007640 201.3913 158.6978 15.21985919  2921
FLOCK 3P-46             
1 42031U 17008CM  17065.79649604  .00002542  00000-0  11423-3 0  9997
2 42031  97.5081 127.4002 0007138 203.3894 156.7168 15.22054140  2938
FLOCK 3P-47             
1 42032U 17008CN  17066.12519476  .00002444  00000-0  10995-3 0  9993
2 42032  97.5082 127.7268 0006973 202.4750 157.6198 15.22055023  2837
FLOCK 3P-44             
1 42033U 17008CP  17066.05892884  .00002544  00000-0  11418-3 0  9995
2 42033  97.5091 127.6655 0006810 204.9878 155.0973 15.22095807  1572
FLOCK 3P-64             
1 42034U 17008CQ  17066.05811745  .00002393  00000-0  10742-3 0  9994
2 42034  97.5080 127.6637 0007078 203.2729 156.8294 15.22155067  2992
FLOCK 3P-63             
1 42035U 17008CR  17065.79515132  .00002346  00000-0  10536-3 0  9995
2 42035  97.5085 127.4037 0006415 204.1826 155.9109 15.22155439   921
FLOCK 3P-62             
1 42036U 17008CS  17065.59789419  .00002631  00000-0  11775-3 0  9998
2 42036  97.5083 127.2046 0007362 205.7464 154.3396 15.22161161  2107
FLOCK 3P-38             
1 42037U 17008CT  17066.45203381  .00002195  00000-0  98686-4 0  9996
2 42037  97.5087 128.0609 0006801 202.7564 157.3346 15.22194425  3008
FLOCK 3P-39             
1 42038U 17008CU  17065.79463820  .00002165  00000-0  97372-4 0  9997
2 42038  97.5088 127.4022 0006640 206.5825 153.5007 15.22192639  2854
FLOCK 3P-15             
1 42039U 17008CV  17066.38610563  .00002003  00000-0  90301-4 0  9998
2 42039  97.5101 127.9964 0007072 203.4615 156.6250 15.22206352  2227
FLOCK 3P-13             
1 42040U 17008CW  17066.12313349  .00002503  00000-0  11204-3 0  9993
2 42040  97.5070 127.7315 0006527 204.4307 155.6604 15.22214095  2174
FLOCK 3P-55             
1 42041U 17008CX  17065.79297735  .00003885  00000-0  17140-3 0  9995
2 42041  97.5081 127.4021 0006530 205.9684 154.1214 15.22358889  2964
FLOCK 3P-56             
1 42042U 17008CY  17066.05593663  .00006453  00000-0  28249-3 0  9991
2 42042  97.5056 127.6635 0006759 203.0761 157.0324 15.22367670  2791
