BEIJING 1               
1 28890U 05043A   17066.51355876  .00000139  00000-0  37157-4 0  9999
2 28890  97.8610 227.4887 0016726 110.3777 249.9225 14.61165096605571
HJ-1A                   
1 33320U 08041A   17066.47676368  .00000224  00000-0  39163-4 0  9995
2 33320  97.9478 132.8650 0026330 356.7582   3.3455 14.76744948457776
HJ-1B                   
1 33321U 08041B   17066.48805721  .00000253  00000-0  43083-4 0  9992
2 33321  97.9522 134.0097 0035228  11.9956 348.2088 14.76818089457767
YAOGAN 4                
1 33446U 08061A   17066.46655751  .00000153  00000-0  28677-4 0  9997
2 33446  97.5917  69.5135 0014409 273.3882  86.5680 14.76602633445015
DEIMOS-1                
1 35681U 09041A   17066.55395499  .00000202  00000-0  40281-4 0  9999
2 35681  97.9647 321.0769 0000666  13.9689 346.1545 14.71642069408199
UK-DMC 2                
1 35683U 09041C   17066.48621031 -.00000033  00000-0  23419-5 0  9995
2 35683  97.8523 308.9868 0001589  81.0094 279.1299 14.70944368408050
RISAT 1                 
1 38248U 12017A   17066.51737325  .00000792  00000-0  54173-4 0  9991
2 38248  97.5749  75.4831 0005560  42.9021 108.5479 15.08959069267900
DMC3-FM1                
1 40715U 15032A   17066.46123687  .00000054  00000-0  16125-4 0  9993
2 40715  98.0517 322.7982 0017560 101.2566 259.0613 14.73697920 89216
DMC3-FM2                
1 40716U 15032B   17066.48380223 -.00005871  00000-0 -89213-3 0  9998
2 40716  98.0534 322.8757 0014920 111.2635 249.0281 14.73653336 89226
DMC3-FM3                
1 40717U 15032C   17066.50718498  .00000080  00000-0  20059-4 0  9990
2 40717  98.0511 323.6823 0018503 101.8515 258.4764 14.73698662 89229
