PROBA-1                 
1 26958U 01049B   17066.47179414  .00000973  00000-0  89904-4 0  9994
2 26958  97.5505  37.1622 0072345 310.2306  49.2598 14.94980037836324
BIRD 2                  
1 26959U 01049C   17066.36696341  .00002673  00000-0  84100-4 0  9998
2 26959  97.7779   7.9154 0010380  32.0279 328.1591 15.33894218850714
CUTE-1 (CO-55)          
1 27844U 03031E   17065.69890631  .00000078  00000-0  54966-4 0  9992
2 27844  98.6921  76.1872 0008633 285.6200  74.4024 14.22019125709718
CUBESAT XI-IV (CO-57)   
1 27848U 03031J   17065.95251452  .00000067  00000-0  50315-4 0  9999
2 27848  98.7015  76.6516 0008597 295.0665  64.9620 14.21636192709642
GENESIS 1               
1 29252U 06029A   17065.84329633  .00000555  00000-0  38492-4 0  9999
2 29252  64.5039 259.7209 0007771 271.4139 217.9235 15.16608507586313
FALCONSAT-3             
1 30776U 07006E   17066.23814944  .00004253  00000-0  13768-3 0  9993
2 30776  35.4373 353.0752 0001922 152.6398 207.4429 15.31577270552618
GENESIS 2               
1 31789U 07028A   17066.21155706  .00000788  00000-0  50902-4 0  9995
2 31789  64.5040 296.1061 0039172 234.4173 125.3296 15.15883025533445
APRIZESAT 4             
1 35684U 09041D   17066.43484708  .00000126  00000-0  24189-4 0  9995
2 35684  98.1201   7.6705 0048629  65.7633  50.0877 14.78999110410093
APRIZESAT 3             
1 35686U 09041F   17065.94468547  .00000287  00000-0  37573-4 0  9994
2 35686  98.2725  61.2081 0072983 346.8570  13.0741 14.87029595411948
PROBA-2                 
1 36037U 09059B   17065.88467988  .00000017  00000-0  14978-4 0  9990
2 36037  98.2555 260.9332 0012217 293.6071  66.3842 14.52989041389182
APRIZESAT 5             
1 37792U 11044E   17066.56164682  .00000119  00000-0  25476-4 0  9995
2 37792  98.3195 206.6966 0058748  15.8540 344.4490 14.75096118298880
APRIZESAT 6             
1 37793U 11044F   17066.53748012  .00000106  00000-0  25122-4 0  9992
2 37793  98.2726 193.1305 0047825  38.5595  23.0810 14.72178087298310
TET-1                   
1 38710U 12039D   17065.89761850  .00004906  00000-0  10847-3 0  9999
2 38710  97.5313  18.2320 0001354 148.9917 211.1411 15.44335509258451
STSAT-2C                
1 39068U 13003A   17065.92459393  .00031114 -59513-6  30371-3 0  9993
2 39068  80.2206 241.4856 0383638  57.2762 306.4831 15.09050279217076
PROBA-V                 
1 39159U 13021A   17066.39729442 -.00000019  00000-0  10852-4 0  9995
2 39159  98.6044 144.8363 0003409 322.6523  37.4420 14.22937992199128
CUSAT 1                 
1 39266U 13055B   17066.52485955  .00006644  00000-0  18772-3 0  9991
2 39266  80.9865 114.6286 0668161 166.4953 195.5145 14.27813701177485
STPSAT-3                
1 39380U 13064A   17065.95456821  .00002895  00000-0  92418-4 0  9998
2 39380  40.5020  17.3226 0001992 145.2924 214.8020 15.34044590182424
APRIZESAT 7             
1 39416U 13066A   17066.19367585  .00000166  00000-0  26153-4 0  9997
2 39416  97.6485 120.6622 0040315 226.6265 133.1589 14.83662498178103
APRIZESAT 8             
1 39425U 13066K   17065.71678859  .00000102  00000-0  19556-4 0  9992
2 39425  97.6431 114.8082 0050818 240.7253 118.8875 14.80913449177730
BUGSAT-1 (TITA)         
1 40014U 14033E   17066.48672908  .00001265  00000-0  12128-3 0  9995
2 40014  97.9539 349.9011 0030901 305.0539  54.7741 14.94667784148016
SAUDISAT 4              
1 40016U 14033G   17066.22079503  .00000069  00000-0  17709-4 0  9993
2 40016  97.8767 316.5233 0047068 255.7864 103.8114 14.75092595146121
TABLETSAT-AURORA        
1 40017U 14033H   17066.51551783  .00000745  00000-0  77743-4 0  9996
2 40017  97.9446 346.1196 0022609 306.0601  53.8523 14.92675032147803
APRIZESAT 9             
1 40018U 14033J   17066.44701715  .00000073  00000-0  20153-4 0  9998
2 40018  97.8600 307.6421 0070195 275.8813  83.4395 14.69782417145533
APRIZESAT 10            
1 40019U 14033K   17066.56575154  .00000028  00000-0  13486-4 0  9999
2 40019  97.8528 302.8613 0083107 288.0216  71.1946 14.66854890145317
AISAT                   
1 40054U 14034B   17065.85034818  .00000682  00000-0  10441-3 0  9990
2 40054  98.1859 163.9762 0013056  19.5605 340.6102 14.76958436144615
CANX-4                  
1 40055U 14034C   17066.25050131  .00000145  00000-0  29707-4 0  9992
2 40055  98.1835 162.2899 0014885  32.1960 328.0154 14.74567269144524
CANX-5                  
1 40056U 14034D   17065.91201765  .00000160  00000-0  31863-4 0  9999
2 40056  98.1835 161.9455 0014929  33.4561 326.7587 14.74563047135265
TDS 1                   
1 40076U 14037H   17066.51554346  .00000166  00000-0  28600-4 0  9998
2 40076  98.3224 173.6235 0007177  47.2390 312.9422 14.81305318143972
TIANTUO 2               
1 40144U 14053B   17066.43441103  .00001696  00000-0  55740-4 0  9993
2 40144  97.3276 149.7554 0010136 276.6644 144.9337 15.32906822139406
