TDRS 3                  
1 19548U 88091B   17013.48322028 -.00000314  00000-0  00000+0 0  9992
2 19548  14.8700   9.7626 0039691 305.2353 269.6797  1.00279298 90854
SKYNET 4C               
1 20776U 90079A   17013.64118080  .00000113  00000-0  00000+0 0  9991
2 20776  13.7544  17.6738 0003982 281.8083  78.1742  1.00268097 96436
TDRS 5                  
1 21639U 91054B   17013.38832897  .00000072  00000-0  00000+0 0  9998
2 21639  14.2718  23.0745 0024700 330.5145  91.6192  1.00276809 93194
TDRS 6                  
1 22314U 93003B   17013.34943212 -.00000307  00000-0  00000+0 0  9997
2 22314  13.7865  25.9750 0008485 281.8526 245.1904  1.00272285 87860
INTELSAT 701 (IS-701)   
1 22871U 93066A   17013.87756648 -.00000234  00000-0  00000+0 0  9996
2 22871   3.9058  67.8490 0005706 226.6470 105.4408  1.00271443 84844
OPTUS B3                
1 23227U 94055A   17014.15972083  .00000013  00000-0  00000+0 0  9990
2 23227   7.1531  51.3356 0007856 255.7706 276.8756  0.98694679 81936
ASTRA 1D                
1 23331U 94070A   17013.00000000 -.00000303  00000-0  00000+0 0  9990
2 23331   7.3470  50.4700 0003835 235.2490 139.6640  1.00275016 81656
BRASILSAT B2            
1 23536U 95016A   17012.64978161 -.00000294  00000-0  00000+0 0  9998
2 23536   6.9508  52.2898 0002914 255.0539 330.8927  1.00271387 79791
AMSC 1                  
1 23553U 95019A   17013.08839232 -.00000130  00000-0  00000+0 0  9993
2 23553   9.8847  41.2725 0004262 230.8437 129.1498  1.00272684 79659
TDRS 7                  
1 23613U 95035B   17013.07659515 -.00000212  00000-0  00000+0 0  9992
2 23613  14.9149  16.7888 0020409  14.8796 193.2830  1.00267461 78630
ECHOSTAR 1              
1 23754U 95073A   17013.54228240 -.00000256  00000-0  00000+0 0  9997
2 23754   0.4893  90.9651 0003267 218.7424 281.4447  1.00272332 76938
INMARSAT 3-F1           
1 23839U 96020A   17013.80949071 -.00000009  00000-0  00000+0 0  9991
2 23839   3.6923  68.2358 0006199 228.0107 173.1000  1.00272777 76117
ASTRA 1F                
1 23842U 96021A   17014.02646998  .00000124  00000-0  00000+0 0  9990
2 23842   0.0496 325.8723 0004092 327.3708 234.2317  1.00269695 75827
MSAT M1                 
1 23846U 96022A   17012.12676383 -.00000099  00000-0  00000+0 0  9997
2 23846   7.5148  49.9925 0005644 241.8853 118.0601  1.00271868 75910
INMARSAT 3-F2           
1 24307U 96053A   17013.03589913 -.00000140  00000-0  00000+0 0  9994
2 24307   2.3133  78.5066 0007920 213.1675 178.4492  1.00272029 74510
AMC-1 (GE-1)            
1 24315U 96054A   17013.28146834  .00000043  00000-0  00000+0 0  9993
2 24315   1.2482  85.8527 0003221 207.1991 152.0490  1.00272302 74511
AFRICASAT-2 (MEASAT-2)  
1 24653U 96063B   17013.13836005 -.00000244  00000-0  00000+0 0  9992
2 24653   7.2468  50.8627 0010981 194.8348  64.8710  1.00268990 73835
EUTELSAT 48A            
1 24665U 96067A   17013.70387456  .00000099  00000-0  00000+0 0  9990
2 24665   6.1030  56.1497 0006421 241.9432 116.8373  1.00272476 74172
INMARSAT 3-F3           
1 24674U 96070A   17013.61680089  .00000020  00000-0  00000+0 0  9996
2 24674   3.1303  72.5348 0005604 221.1540 219.7326  1.00269902 73452
AMC-2 (GE-2)            
1 24713U 97002A   17013.29770250 -.00000227  00000-0  00000+0 0  9990
2 24713   4.0507  66.7738 0005266 222.7442 205.7540  1.00272538 23819
INTELSAT 26 (IS-26)     
1 24732U 97007A   17013.80282735 -.00000013  00000-0  00000+0 0  9992
2 24732   7.2218  51.1696 0003522 229.8724 185.6608  1.00272444 72775
GALAXY 25 (G-25)        
1 24812U 97026A   17012.94577504 -.00000177  00000-0  00000+0 0  9998
2 24812   0.0250  39.2609 0003420 253.0684  67.6344  1.00269326 71841
ABS-3                   
1 24901U 97042A   17014.08492670 -.00000208  00000-0  00000+0 0  9997
2 24901   4.6075  64.1628 0008395 249.4044 276.1117  1.00271526 71028
INTELSAT 5 (IS-5)       
1 24916U 97046A   17012.45166126  .00000000  00000-0  10000-3 0  9994
2 24916   3.2423  71.8928 0005152 211.9176 147.8523  1.00267200 71098
METEOSAT-7              
1 24932U 97049B   17012.63506529  .00000000  00000-0  10000-3 0  9990
2 24932  10.4699  38.6636 0001805 284.6238  75.3884  1.00271989 70908
AMC-3 (GE-3)            
1 24936U 97050A   17013.23519733 -.00000274  00000-0  00000+0 0  9993
2 24936   0.0579  85.4207 0003071 208.8398 191.2862  1.00270253 70930
NSS-5                   
1 24957U 97053A   17014.09007003  .00000092  00000-0  00000+0 0  9993
2 24957   3.5432  70.0919 0003989 229.6858 256.8672  1.00273107 70735
ECHOSTAR 3              
1 25004U 97059A   17013.08192729 -.00000299  00000-0  00000+0 0  9991
2 25004   1.8389  80.8964 0002027 249.1890 110.3419  1.00272688 70630
JCSAT-1B                
1 25067U 97075A   17013.64263767 -.00000223  00000-0  00000+0 0  9998
2 25067   5.2931  59.8744 0007897 225.8016 208.9599  1.00272717 70044
ASTRA 1G                
1 25071U 97076A   17013.82308188  .00000008  00000-0  00000+0 0  9991
2 25071   2.0105  78.9600 0004053 220.1424 173.4581  1.00272450 70032
BRASILSAT B3            
1 25152U 98006A   17013.05412690 -.00000299  00000-0  00000+0 0  9997
2 25152   3.7383  69.1376 0002410 174.0050 185.8694  1.00268942 69410
INMARSAT 3-F5           
1 25153U 98006B   17014.10945858 -.00000304  00000-0  00000+0 0  9999
2 25153   2.2713  74.4523 0005418 217.4330 167.2456  1.00274834 69382
NSS-806                 
1 25239U 98014A   17013.16846354 -.00000294  00000-0  00000+0 0  9997
2 25239   0.0544 354.3779 0004978 300.4605 191.1289  1.00270656 69148
CHINASAT 5A (ZX 5A)     
1 25354U 98033A   17013.56315978 -.00000271  00000-0  00000+0 0  9998
2 25354   0.9197  88.0075 0002759 159.7257 217.0670  1.00026034 72732
THOR III                
1 25358U 98035A   17011.86872043 -.00000058  00000-0  00000-0 0  9990
2 25358   5.1544  60.0819 0002548 239.1332 120.7778  1.00271624 68324
INTELSAT 805 (IS-805)   
1 25371U 98037A   17013.56940591 -.00000046  00000-0  00000+0 0  9996
2 25371   0.0333 293.9793 0003514   9.8927 183.3201  1.00271579 68058
ASTRA 2A                
1 25462U 98050A   17013.57640023 -.00000374  00000-0  00000+0 0  9994
2 25462   0.0778 250.9026 0002371  40.5244 142.7889  1.00270441 67235
AFRISTAR                
1 25515U 98063A   17013.09076740  .00000108  00000-0  00000+0 0  9997
2 25515   3.0007  70.1480 0004258 225.7396 230.5126  1.00269646 66615
INTELSAT 8 (IS-8)       
1 25522U 98065A   17013.47964976 -.00000196  00000-0  00000+0 0  9994
2 25522   0.6712  87.1163 0305250 218.7984 172.2726  0.95185642 66609
JCSAT-4A                
1 25630U 99006A   17013.96003560 -.00000172  00000-0  00000+0 0  9991
2 25630   1.9806  80.8048 0002278 220.0648 240.2703  1.00271248 65487
SKYNET 4E               
1 25639U 99009B   17008.05615764  .00000017  00000-0  00000+0 0  9999
2 25639   9.9874  29.8605 0003247 255.7773 208.3419  1.00273291 65458
ASIASAT 3S              
1 25657U 99013A   17013.56181617 -.00000252  00000-0  00000+0 0  9993
2 25657   2.1948  79.0166 0003249 204.5600 177.9269  1.00270031 65315
NIMIQ 1                 
1 25740U 99027A   17012.37293772 -.00000212  00000-0  00000+0 0  9991
2 25740   0.0249 309.2357 0005958 352.8370 217.7075  1.00270733 64685
ASTRA 1H                
1 25785U 99033A   17013.00000000  .00000122  00000-0  00000+0 0  9997
2 25785   3.5480  70.1320 0002622 224.1260 221.9050  1.00272028 64271
TELKOM 1                
1 25880U 99042A   17013.82895409 -.00000360  00000-0  00000+0 0  9993
2 25880   0.0051 102.9476 0002037 195.2993 221.6364  1.00275068 63844
ABS-7                   
1 25894U 99046A   17013.78586480 -.00000377  00000-0  00000+0 0  9991
2 25894   0.0269 274.6184 0002540  71.6195 166.1950  1.00269163 62632
ABS-6                   
1 25924U 99053A   17012.42763291  .00000000  00000-0  10000-3 0  9997
2 25924   0.0394  82.2819 0001602 246.6702  96.1052  1.00267472 63344
TELSTAR 12 (ORION 2)    
1 25949U 99059A   17013.49548156 -.00000078  00000-0  00000+0 0  9990
2 25949   0.6117  89.2691 0003308 208.9627 244.0731  1.00271463 63014
AMC-4 (GE-4)            
1 25954U 99060A   17013.87076668 -.00000288  00000-0  00000+0 0  9997
2 25954   0.0329  69.9793 0000711 289.7710   0.2240  1.00271984 62982
GALAXY 11 (G-11)        
1 26038U 99071A   17014.08960067  .00000121  00000-0  00000+0 0  9997
2 26038   0.0206  85.1986 0002069 258.3715 207.4304  1.00273598 62591
HISPASAT 1C             
1 26071U 00007A   17013.54638074 -.00000228  00000-0  00000+0 0  9994
2 26071   0.2465  86.2384 0006693 238.9939 260.8550  1.00272721 62122
SUPERBIRD-B2            
1 26095U 00012A   17014.23997047 -.00000109  00000-0  00000+0 0  9999
2 26095   0.0789  99.8596 0003167 195.5053  66.8596  1.00271532 61939
ASIASTAR                
1 26107U 00016A   17013.82895409 -.00000348  00000-0  00000+0 0  9995
2 26107   1.3590  82.1322 0004586 211.6483 223.1111  1.00271613 61641
EUTELSAT 16C            
1 26243U 00019A   17013.86992677  .00000075  00000-0  00000+0 0  9994
2 26243   3.9796  67.1149 0003404 236.4245 137.6233  1.00273292 61286
EUTELSAT 36A            
1 26369U 00028A   17013.07642049 -.00000232  00000-0  00000+0 0  9997
2 26369   0.6939  84.3625 0004788 214.6224 289.7675  1.00272880 60964
TDRS 8                  
1 26388U 00034A   17013.59608280 -.00000247  00000-0  00000+0 0  9997
2 26388   7.2325  57.1835 0009991 212.2588 147.6815  1.00274321 60663
ECHOSTAR 6              
1 26402U 00038A   17014.16503368 -.00000164  00000-0  00000+0 0  9991
2 26402   3.8951  67.9247 0004144 224.5963 144.4865  1.00272015 60412
INTELSAT 9 (IS-9)       
1 26451U 00043A   17013.34892591 -.00000288  00000-0  00000+0 0  9996
2 26451   3.2321  72.1058 0004268 224.3927 259.0140  1.00270777 60337
BRASILSAT B4            
1 26469U 00046A   17013.17880987 -.00000185  00000-0  00000+0 0  9991
2 26469   1.3410  85.8987 0003058 222.1894 137.0950  1.00272696 60124
NILESAT 102             
1 26470U 00046B   17013.22200536 -.00000074  00000-0  00000+0 0  9992
2 26470   1.3595  84.3138 0006493 209.6840 251.8073  1.00272018 60128
ASTRA 2B                
1 26494U 00054A   17013.21032292  .00000103  00000-0  00000+0 0  9990
2 26494   1.8966  79.5811 0004609 221.0177 267.3375  1.00273340 59723
AMC-7 (GE-7)            
1 26495U 00054B   17014.05881365  .00000072  00000-0  00000+0 0  9992
2 26495   0.0355  45.4947 0002547 245.5184  68.9597  1.00271674 59759
NSS-11 (AAP-1)          
1 26554U 00059A   17013.82895409 -.00000360  00000-0  00000+0 0  9992
2 26554   0.0374 296.6055 0001412  14.0785 209.4018  1.00271476 59662
N-SAT-110 (JCSAT-110)   
1 26559U 00060A   17013.87662497 -.00000366  00000-0  00000+0 0  9999
2 26559   0.0162  32.0703 0000506 358.2581 148.8343  1.00271075 59600
AMC-6 (GE-6)            
1 26580U 00067A   17013.48304990 -.00000288  00000-0  00000+0 0  9991
2 26580   0.0323 319.8954 0003082 335.0570 285.0615  1.00270667 59477
INTELSAT 12 (IS-12)     
1 26590U 00068A   17014.08960067  .00000121  00000-0  00000+0 0  9998
2 26590   0.1614  95.3980 0003260 210.9431 244.6238  1.00271846 59294
INTELSAT 1R (IS-1R)     
1 26608U 00072A   17013.18867635 -.00000295  00000-0  00000+0 0  9993
2 26608   0.0321 147.1373 0001047 229.5481 108.3913  1.00047562 59148
ANIK F1                 
1 26624U 00076A   17012.98509556 -.00000089  00000-0  00000+0 0  9998
2 26624   0.0186 123.0429 0001155 143.9945  92.9253  1.00271014 59218
ASTRA 2D                
1 26638U 00081A   17013.00000000  .00000049  00000-0  00000+0 0  9998
2 26638   3.3730  70.6500 0001800 219.3740 239.9130  1.00276878 58870
AMC-8 (GE-8)            
1 26639U 00081B   17013.51426012  .00000089  00000-0  00000+0 0  9994
2 26639   0.0141  19.0035 0002683 289.5863 210.7145  1.00273143 58769
SKYNET 4F               
1 26695U 01005B   17013.02860698 -.00000263  00000-0  00000+0 0  9996
2 26695   8.7180  37.7551 0003221 255.6834 155.5526  1.00274765 58366
EUTELSAT 33C            
1 26719U 01011A   17013.08608251  .00000141  00000-0  00000+0 0  9995
2 26719   0.0630   5.2939 0006126 295.8820 235.6430  1.00269103 58067
INTELSAT 10 (IS-10)     
1 26766U 01019A   17014.15125760  .00000110  00000-0  00000+0 0  9999
2 26766   1.1973  85.9329 0005156 197.3264 292.4836  1.00274037 57421
INTELSAT 901 (IS-901)   
1 26824U 01024A   17014.22953147 -.00000157  00000-0  00000+0 0  9998
2 26824   0.0160 340.1993 0003007 313.3881 244.8926  1.00271254 57095
ASTRA 2C                
1 26853U 01025A   17014.09802731  .00000031  00000-0  00000+0 0  9998
2 26853   0.0770  84.3418 0004063 212.6943 272.2792  1.00271387 57077
ARTEMIS                 
1 26863U 01029A   17013.94804986 -.00000385  00000-0  00000+0 0  9993
2 26863  12.5658  34.6798 0002934 275.6261 267.6052  1.00274676 57898
INTELSAT 902 (IS-902)   
1 26900U 01039A   17014.15142013  .00000017  00000-0  00000+0 0  9997
2 26900   0.0164  45.8413 0003074 259.1780 285.2792  1.00272349 56263
EUTELSAT 8 WEST A       
1 26927U 01042A   17013.34724749 -.00000116  00000-0  00000+0 0  9993
2 26927   0.0664  32.8265 0007523 264.2737 288.3993  1.00271447 56018
DIRECTV 4S              
1 26985U 01052A   17013.48941083 -.00000128  00000-0  00000+0 0  9998
2 26985   0.0193  47.2413 0002376 254.6619 246.2341  1.00270205 55488
INSAT-3C                
1 27298U 02002A   17013.07329043 -.00000127  00000-0  00000+0 0  9992
2 27298   0.2990  92.4910 0000675 218.4597 262.4546  1.00410386 54842
ECHOSTAR 7              
1 27378U 02006A   17013.40256424 -.00000015  00000-0  00000+0 0  9990
2 27378   0.0471 287.5215 0001460   9.1444 202.4863  1.00271249 54554
INTELSAT 904 (IS-904)   
1 27380U 02007A   17014.09802731  .00000034  00000-0  00000+0 0  9998
2 27380   0.0216  73.8406 0003065 208.7902 286.4007  1.00269955 54587
TDRS 9                  
1 27389U 02011A   17013.34692146 -.00000116  00000-0  00000+0 0  9998
2 27389   4.9327  81.0973 0022835 231.2860 273.5048  1.00271633 55929
JCSAT 2A                
1 27399U 02015A   17013.94822007 -.00000322  00000-0  00000+0 0  9999
2 27399   0.1560  93.8615 0004477 168.5875 328.4935  1.00271113 54119
ASTRA 3A                
1 27400U 02015B   17013.00000000 -.00000302  00000-0  00000+0 0  9998
2 27400   3.5400  69.4130 0000923 148.5490 190.1460  1.00435635 54192
INTELSAT 903 (IS-903)   
1 27403U 02016A   17013.87756648 -.00000254  00000-0  00000+0 0  9999
2 27403   0.0122  38.4275 0003366 252.1784 104.3334  1.00271700 54149
NSS-7                   
1 27414U 02019A   17013.00000000 -.00000172  00000-0  00000+0 0  9992
2 27414   1.5940  83.3380 0002338 206.1100 163.2270  1.00268807 54046
DIRECTV 5 (TEMPO 1)     
1 27426U 02023A   17013.99010336 -.00000071  00000-0  00000+0 0  9999
2 27426   0.0157  22.3187 0003839 279.8370  57.8071  1.00269998 53806
INTELSAT 905 (IS-905)   
1 27438U 02027A   17013.87756648 -.00000201  00000-0  00000+0 0  9991
2 27438   0.0175  48.3600 0002608 237.6288 118.9530  1.00267893 53452
EXPRESS-A4              
1 27441U 02029A   17012.44427876  .00000000  00000-0  10000-3 0  9998
2 27441   5.7984  57.5360 0002303 199.8543 160.1046  1.00265494 53441
GALAXY 3C (G-3C)        
1 27445U 02030A   17013.94839469 -.00000166  00000-0  00000+0 0  9994
2 27445   0.0186 328.3052 0002145 356.0945  35.5601  1.00270544 53456
EUTELSAT 5 WEST A       
1 27460U 02035A   17012.70152628 -.00000057  00000-0  00000+0 0  9993
2 27460   0.0456 344.6676 0006354 308.9278  66.3144  1.00270186 53239
N-STAR C                
1 27461U 02035B   17012.71674573 -.00000326  00000-0  00000+0 0  9992
2 27461   4.3437  65.7033 0001682 232.1375 208.5905  1.00270945 53147
ECHOSTAR 8              
1 27501U 02039A   17013.54228240 -.00000258  00000-0  00000+0 0  9993
2 27501   0.7694  89.1931 0003319 206.2084 296.1042  1.00271623 52768
EUTELSAT 12 WEST A      
1 27508U 02040A   17013.78472842 -.00000260  00000-0  00000+0 0  9990
2 27508   0.0657 353.8306 0005919 338.4062  27.7060  1.00273585 52741
METEOSAT-8 (MSG-1)      
1 27509U 02040B   17013.20949424  .00000125  00000-0  00000+0 0  9992
2 27509   4.5735  58.9435 0000834 282.0643 248.5661  1.00274750 52738
INTELSAT 906 (IS-906)   
1 27513U 02041A   17014.15204741 -.00000001  00000-0  00000+0 0  9993
2 27513   0.0173  66.2909 0002774 230.5434 295.8378  1.00271442 52464
KODAMA (DRTS)           
1 27516U 02042B   17012.82758490 -.00000256  00000-0  00000-0 0  9997
2 27516   4.7622  62.9710 0002881 245.9896 192.2106  1.00271386 11394
KALPANA-1 (METSAT 1)    
1 27525U 02043A   17013.63794092 -.00000093  00000-0  00000+0 0  9994
2 27525   6.0922  56.2627 0016236 227.6269 132.2309  1.00270423 52536
HISPASAT 1D             
1 27528U 02044A   17013.34856758 -.00000231  00000-0  00000+0 0  9998
2 27528   0.0576 297.7800 0006145   6.4982 264.1869  1.00272430 52431
TDRS 10                 
1 27566U 02055A   17013.33419383  .00000063  00000-0  00000+0 0  9992
2 27566   4.7666  59.1126 0013482 216.3147 143.5560  1.00266460 51716
NSS-6                   
1 27603U 02057A   17013.92122874 -.00000285  00000-0  00000+0 0  9994
2 27603   0.0145  41.4316 0003084 250.5054 248.2554  1.00270740 51585
NIMIQ 2                 
1 27632U 02062A   17013.65985682 -.00000259  00000-0  00000+0 0  9997
2 27632   1.6704  82.8695 0002154   7.3973 352.1252  1.00270989 51371
INTELSAT 907 (IS-907)   
1 27683U 03007A   17012.76398393 -.00000217  00000-0  00000+0 0  9995
2 27683   0.0152  13.7426 0003240 279.6016  66.6218  1.00269417 50878
INSAT-3A                
1 27714U 03013A   17013.34130433 -.00000199  00000-0  00000+0 0  9990
2 27714   0.8308  88.7940 0016805 223.3355 269.2032  0.99812169 50432
GALAXY 12 (G-12)        
1 27715U 03013B   17013.61385866  .00000044  00000-0  00000+0 0  9991
2 27715   0.0560 245.2281 0002286  43.9265 276.0781  1.00271072 50495
ASIASAT 4               
1 27718U 03014A   17012.42702546  .00000000  00000-0  10000-3 0  9998
2 27718   0.0106   3.0088 0002354  49.9578 334.9098  1.00261256 50407
HELLAS-SAT 2            
1 27811U 03020A   17014.15730181  .00000137  00000-0  00000+0 0  9993
2 27811   0.0235 300.4963 0004334 355.3027 273.6248  1.00268711 49837
AMC-9 (GE-12)           
1 27820U 03024A   17013.29740168 -.00000231  00000-0  00000+0 0  9993
2 27820   0.0418 296.7459 0002803 349.1604 211.1021  1.00271233 49826
THURAYA-2               
1 27825U 03026A   17013.88614837  .00000115  00000-0  00000+0 0  9998
2 27825   4.7854  28.5613 0005448 256.7529 191.2087  1.00271591 49845
OPTUS C1                
1 27831U 03028B   17013.46437050 -.00000163  00000-0  00000+0 0  9995
2 27831   0.0176 173.8366 0003292 110.5255 151.9500  1.00269612 49816
ECHOSTAR 12 (RAINBOW 1) 
1 27852U 03033A   17013.23031410 -.00000297  00000-0  00000+0 0  9997
2 27852   0.0413 288.9677 0001448   6.5126 199.1225  1.00271116 49469
GALAXY 23 (G-23)        
1 27854U 03034A   17013.41452229 -.00000002  00000-0  00000+0 0  9999
2 27854   0.0408  81.2923 0003092 234.2367 185.7637  1.00272344 54038
EUTELSAT 33A            
1 27948U 03043A   17013.97225907  .00000136  00000-0  00000+0 0  9992
2 27948   2.0610  79.0547 0002531 218.3299 197.1029  1.00269192 48829
GALAXY 13 (HORIZONS-1)  
1 27954U 03044A   17014.22814520  .00000032  00000-0  00000+0 0  9999
2 27954   0.0189  70.4838 0002433 225.9297 132.5755  1.00272313 48655
ZHONGXING-20            
1 28082U 03052A   17014.01773387 -.00000342  00000-0  00000+0 0  9998
2 28082   3.2056  72.0672 0006526 230.0687 281.1502  1.00271300 48259
YAMAL 202               
1 28089U 03053A   17014.03237778  .00000104  00000-0  00000+0 0  9992
2 28089   0.0721  84.7005 0003300 209.0702 240.5705  1.00275212 48172
AMOS-2                  
1 28132U 03059A   17013.21013741 -.00000051  00000-0  00000+0 0  9990
2 28132   0.4026  90.5041 0003635 212.1171 241.8254  1.00270790 47879
EXPRESS-AM22 (SESAT 2)  
1 28134U 03060A   17013.78171685 -.00000152  00000-0  00000+0 0  9990
2 28134   0.1264  86.3149 0000824 254.9856 133.6419  1.00272322 47767
AMC-10 (GE-10)          
1 28154U 04003A   17013.43475900  .00000073  00000-0  00000+0 0  9990
2 28154   0.0394 290.3393 0000987  33.3086 170.9491  1.00270232 47429
ABS-4 (MOBISAT-1)       
1 28184U 04007A   17014.09802731  .00000025  00000-0  00000+0 0  9993
2 28184   0.0047 351.0339 0001958 306.3102 272.6719  1.00273632 47074
EUTELSAT 7A             
1 28187U 04008A   17014.09145267  .00000032  00000-0  00000+0 0  9999
2 28187   0.0626   1.0417 0004508 278.6829 233.9105  1.00272181 47077
DIRECTV 7S              
1 28238U 04016A   17014.14978635 -.00000014  00000-0  00000+0 0  9995
2 28238   0.0216  48.2637 0003395 255.2319 105.1361  1.00271295 46566
AMC-11 (GE-11)          
1 28252U 04017A   17013.43249271  .00000054  00000-0  00000+0 0  9993
2 28252   0.0198 357.2925 0003211 314.0463 186.4279  1.00272193 46192
INTELSAT 10-02          
1 28358U 04022A   17014.03950931 -.00000027  00000-0  00000+0 0  9996
2 28358   0.0159 111.9536 0002749 274.0603 100.8624  1.00269857 46125
APSTAR 5 (TELSTAR 18)   
1 28364U 04024A   17013.64857594 -.00000310  00000-0  00000+0 0  9997
2 28364   0.0593 271.4505 0002718  25.2308 188.0901  1.00269502 46040
ANIK F2                 
1 28378U 04027A   17013.61369229 -.00000065  00000-0  00000+0 0  9992
2 28378   0.0169  25.1578 0000519 262.6843 295.2594  1.00272205 45846
AMAZONAS 1              
1 28393U 04031A   17014.18201025 -.00000262  00000-0  00000+0 0  9995
2 28393   1.4337  84.4681 0005825 218.4087 200.2415  1.00272910 45629
AMC-15                  
1 28446U 04041A   17014.20431167 -.00000104  00000-0  00000+0 0  9995
2 28446   0.0239 340.6404 0002699 319.4715 142.2111  1.00271426 44886
AMC-16                  
1 28472U 04048A   17013.29785297 -.00000221  00000-0  00000+0 0  9995
2 28472   0.0439 299.9392 0002749 350.8835 204.3476  1.00272701 44305
NSS-10 (AMC-12)         
1 28526U 05003A   17014.18263078 -.00000266  00000-0  00000+0 0  9993
2 28526   0.0396 305.6471 0003143 352.7764 203.6779  1.00270227 43815
XTAR-EUR                
1 28542U 05005A   17013.60472269  .00000136  00000-0  00000+0 0  9998
2 28542   0.0245  50.7372 0003339 251.8846  57.3459  1.00270833 43677
XM-3 (RHYTHM)           
1 28626U 05008A   17013.29785297 -.00000221  00000-0  00000+0 0  9993
2 28626   0.0033 139.7763 0001232  95.9361 259.3726  1.00277855 43555
INMARSAT 4-F1           
1 28628U 05009A   17013.31529570 -.00000276  00000-0  00000+0 0  9999
2 28628   2.8547   9.7752 0003583 286.5173  73.6753  1.00272028 43162
EXPRESS-AM2             
1 28629U 05010A   17013.29996869 -.00000046  00000-0  00000+0 0  9993
2 28629   2.0404  76.9909 0006980  34.0146  20.7792  0.99037528 43197
APSTAR 6                
1 28638U 05012A   17013.81367699 -.00000334  00000-0  00000+0 0  9996
2 28638   0.0126  63.8731 0002295 238.7838 237.6870  1.00270609 67903
SPACEWAY 1              
1 28644U 05015A   17013.47889053 -.00000117  00000-0  00000+0 0  9990
2 28644   0.0190 239.5275 0000091 358.3792 304.6889  1.00268544 43001
DIRECTV 8               
1 28659U 05019A   17011.96991047 -.00000128  00000-0  00000+0 0  9991
2 28659   0.0101  39.8149 0003364 249.7689  70.3584  1.00271701 42663
GALAXY 28 (G-28)        
1 28702U 05022A   17012.26323368 -.00000198  00000-0  00000+0 0  9990
2 28702   0.0167  39.0988 0000906 329.8288 108.7376  1.00269270 42305
EXPRESS-AM3             
1 28707U 05023A   17014.01773387 -.00000337  00000-0  00000+0 0  9996
2 28707   0.0438 178.6080 0001831 141.9567 262.4737  1.00270327 42343
THAICOM 4               
1 28786U 05028A   17013.88113250 -.00000378  00000-0  00000+0 0  9994
2 28786   0.0162  44.6159 0001940 264.0908 241.4843  1.00271221 41810
GALAXY 14 (G-14)        
1 28790U 05030A   17013.54891571  .00000021  00000-0  00000+0 0  9998
2 28790   0.0239  48.2091 0002862 252.0920 245.5230  1.00271236 41798
ANIK F1R                
1 28868U 05036A   17013.61633053 -.00000089  00000-0  00000+0 0  9992
2 28868   0.0129  47.1238 0002846 283.2550 257.4568  1.00270461 41649
GALAXY 15 (G-15)        
1 28884U 05041A   17013.17409211  .00000064  00000-0  00000+0 0  9996
2 28884   0.0431 288.4513 0002166  25.3726  88.6733  1.00272708 41110
SYRACUSE 3A             
1 28885U 05041B   17013.85866094  .00000113  00000-0  00000+0 0  9993
2 28885   0.0378  78.8170 0002754 229.1027 161.6845  1.00271606 41226
INMARSAT 4-F2           
1 28899U 05044A   17012.53853244  .00000000  00000-0  10000-3 0  9998
2 28899   2.5429   9.7654 0003162 287.3097  72.8984  1.00269549 40984
TELKOM 2                
1 28902U 05046A   17013.83819206 -.00000378  00000-0  00000+0 0  9993
2 28902   0.0187  82.7108 0001383 204.3060 246.2312  1.00273870 40737
SPACEWAY 2              
1 28903U 05046B   17014.20188170 -.00000142  00000-0  00000+0 0  9994
2 28903   0.0148 113.6335 0000250 261.7118  72.0768  1.00270074 40995
INSAT-4A                
1 28911U 05049A   17012.45770350 -.00000179  00000-0  00000+0 0  9998
2 28911   0.0464  96.1159 0007222 188.1497  75.6310  1.00273312 40576
METEOSAT-9 (MSG-2)      
1 28912U 05049B   17013.27308249  .00000045  00000-0  00000+0 0  9995
2 28912   1.9041  70.2921 0000662 269.5419 240.5972  1.00273562 40560
EUTELSAT 172A (GE-23)   
1 28924U 05052A   17013.56803876 -.00000022  00000-0  00000+0 0  9996
2 28924   0.0644  22.4412 0006991 271.4069 195.8466  1.00270740 40475
ECHOSTAR 10             
1 28935U 06003A   17014.12458900 -.00000071  00000-0  00000+0 0  9996
2 28935   0.0356 300.5990 0002039 316.4661 151.3506  1.00271717 40012
HIMAWARI-7 (MTSAT-2)    
1 28937U 06004A   17013.72736380 -.00000258  00000-0  00000+0 0  9992
2 28937   0.0501 258.8683 0003609  43.8604 217.5121  1.00271441 39843
SPAINSAT                
1 28945U 06007A   17013.76812094 -.00000232  00000-0  00000+0 0  9997
2 28945   0.0580 236.1804 0005410  38.0060  85.7260  1.00273408 39728
EUTELSAT HOT BIRD 13E   
1 28946U 06007B   17013.64901024  .00000071  00000-0  00000+0 0  9997
2 28946   0.0413 110.9795 0004744 159.5452  89.3955  1.00273220 39795
JCSAT-5A                
1 29045U 06010A   17013.72953977 -.00000344  00000-0  00000+0 0  9999
2 29045   0.0071   8.3033 0002227 313.1958 186.5345  1.00270069 39436
ASTRA 1KR               
1 29055U 06012A   17013.14830019  .00000105  00000-0  00000+0 0  9993
2 29055   0.0633 273.9215 0004965 356.2348 275.2408  1.00274799 39233
GOES 13                 
1 29155U 06018A   17012.89665414 -.00000264  00000-0  00000+0 0  9993
2 29155   0.2622 101.4925 0002099 305.5801 312.9209  1.00282366 39006
EUTELSAT 113 WEST A     
1 29162U 06020A   17013.99808024 -.00000053  00000-0  00000+0 0  9998
2 29162   0.0607 262.2209 0002477  39.4027  58.3262  1.00272184 38960
THAICOM 5               
1 29163U 06020B   17012.68159590 -.00000136  00000-0  00000-0 0  9994
2 29163   0.0477 256.0404 0006684  41.1317 139.0384  1.00273248 38986
GALAXY 16 (G-16)        
1 29236U 06023A   17013.51500448 -.00000142  00000-0  00000+0 0  9999
2 29236   0.0547 239.0712 0002844  60.4347 260.0408  1.00271427 38753
EUTELSAT HOT BIRD 13B   
1 29270U 06032A   17013.75884345  .00000071  00000-0  00000+0 0  9994
2 29270   0.0654  29.7965 0005649 279.0284  90.7387  1.00272412 38353
JCSAT-3A                
1 29272U 06033A   17013.71243924 -.00000360  00000-0  00000+0 0  9997
2 29272   0.0142  14.5857 0001794 280.8661 202.3788  1.00272088 38259
SYRACUSE 3B             
1 29273U 06033B   17014.23067189 -.00000060  00000-0  00000+0 0  9990
2 29273   0.0205  73.9822 0006066 220.2890 257.4178  1.00271863 38243
KOREASAT 5 (MUGUNGWHA 5)
1 29349U 06034A   17013.62875008 -.00000374  00000-0  00000+0 0  9992
2 29349   0.0179  49.3457 0000878 220.6287 182.6981  1.00273116 38128
ZHONGXING-22A           
1 29398U 06038A   17013.90004685 -.00000336  00000-0  00000+0 0  9994
2 29398   5.5238  58.7282 0008435 217.0919 263.4715  1.00270457 37900
DIRECTV 9S              
1 29494U 06043A   17013.48941123 -.00000129  00000-0  00000+0 0  9997
2 29494   0.0170  64.4063 0003661 235.4411 248.3920  1.00269615 37599
OPTUS D1                
1 29495U 06043B   17012.73707716 -.00000125  00000-0  00000+0 0  9999
2 29495   0.0197  73.3146 0003776 219.1599 245.2575  1.00272167 37625
XM-4 (BLUES)            
1 29520U 06049A   17013.36810625 -.00000038  00000-0  00000+0 0  9991
2 29520   0.0083 161.3878 0000485 143.4708 185.4290  1.00271454 37484
BADR-4                  
1 29526U 06051A   17012.76853851  .00000130  00000-0  00000-0 0  9994
2 29526   0.0569 326.3757 0006212 336.1022 112.6539  1.00276351 16792
FENGYUN 2D              
1 29640U 06053A   17013.81914894 -.00000377  00000-0  10000-3 0  9993
2 29640   4.1694  65.1708 0003425 303.4349 163.3582  1.00264740 37051
WILDBLUE-1              
1 29643U 06054A   17014.12458900 -.00000064  00000-0  00000+0 0  9991
2 29643   0.0193  85.6629 0002091 213.7336 108.0366  1.00271301 37045
AMC-18                  
1 29644U 06054B   17014.20430694 -.00000105  00000-0  00000+0 0  9997
2 29644   0.0239 322.5118 0003179 337.7052 142.2101  1.00271144 37056
MEASAT-3                
1 29648U 06056A   17012.70598025 -.00000256  00000-0  00000+0 0  9996
2 29648   0.0431 175.3533 0001541  85.5880 197.0760  1.00270895 37036
KIKU-8 (ETS-VIII)       
1 29656U 06059A   17012.70930125  .00000050  00000-0  00000+0 0  9990
2 29656   5.3185  60.2395 0012424 224.1698 135.6851  0.98990061 36912
INSAT-4B                
1 30793U 07007A   17013.01300135 -.00000272  00000-0  00000+0 0  9992
2 30793   0.1030 269.3053 0001150 149.4853 152.0617  1.00270076 36045
SKYNET 5A               
1 30794U 07007B   17013.00797956 -.00000286  00000-0  00000+0 0  9998
2 30794   0.0661   0.9472 0003312 294.0030 275.7537  1.00273919 36138
ANIK F3                 
1 31102U 07009A   17013.54206852 -.00000016  00000-0  00000+0 0  9994
2 31102   0.0163  46.7549 0002295 260.9670 241.8844  1.00271306 35821
ASTRA 1L                
1 31306U 07016A   17014.16126387  .00000104  00000-0  00000+0 0  9998
2 31306   0.0737 305.0131 0005476 352.9948 253.0324  1.00273684 35533
GALAXY 17 (G-17)        
1 31307U 07016B   17013.96923441 -.00000190  00000-0  00000+0 0  9998
2 31307   0.0220   7.8471 0003575 293.9919  69.6873  1.00272070 35577
ZHONGXING-6B            
1 31800U 07031A   17013.78590068 -.00000377  00000-0  00000+0 0  9995
2 31800   0.0130  63.9086 0003496 212.8447 235.1420  1.00270803 34960
DIRECTV 10              
1 31862U 07032A   17012.97272278 -.00000117  00000-0  00000+0 0  9996
2 31862   0.0336 226.4576 0000297  37.2350  96.2800  1.00269288 34899
SPACEWAY 3              
1 32018U 07036A   17013.76758639 -.00000167  00000-0  00000+0 0  9997
2 32018   0.0098 100.2444 0000099 292.1645 262.3798  1.00270966 34617
BSAT-3A                 
1 32019U 07036B   17012.38342792 -.00000364  00000-0  00000+0 0  9993
2 32019   0.0721 240.5120 0004387  23.3437  96.0717  1.00270057 34543
INSAT-4CR               
1 32050U 07037A   17014.08473924  .00000057  00000-0  00000+0 0  9998
2 32050   0.0435 252.9610 0001025 101.6178 210.8480  1.00070572 34340
OPTUS D2                
1 32252U 07044A   17013.63956375 -.00000199  00000-0  00000+0 0  9994
2 32252   0.0491 251.4049 0003834  41.8543 202.2760  1.00271570 33938
INTELSAT 11 (IS-11)     
1 32253U 07044B   17013.40824056 -.00000284  00000-0  00000+0 0  9995
2 32253   0.0477 240.0732 0003359  61.9689 274.9733  1.00271943 34012
STAR ONE C1             
1 32293U 07056A   17011.87058979 -.00000289  00000-0  00000-0 0  9990
2 32293   0.0487  96.2372 0003563 210.6808  53.0281  1.00270544 17269
SKYNET 5B               
1 32294U 07056B   17013.82131701  .00000126  00000-0  00000+0 0  9991
2 32294   0.0663 356.6106 0003714 293.7945 143.8239  1.00268615 33698
ASTRA 4A (SIRIUS 4)     
1 32299U 07057A   17014.09145267  .00000017  00000-0  00000+0 0  9998
2 32299   0.0156   1.1488 0003311 295.5164 214.7915  1.00272416 33458
HORIZONS-2              
1 32388U 07063B   17014.08492670 -.00000198  00000-0  00000+0 0  9997
2 32388   0.0113  24.9207 0003376 283.0847 281.1320  1.00271865 33379
THURAYA-3               
1 32404U 08001A   17013.44424649 -.00000312  00000-0  00000+0 0  9997
2 32404   4.1241 352.1743 0005118 300.4757  78.8806  1.00271818 33026
EXPRESS-AM33            
1 32478U 08003A   17013.86588575 -.00000296  00000-0  00000+0 0  9996
2 32478   0.0178 220.0515 0000119 171.9267 129.7368  1.00269612 33112
THOR 5                  
1 32487U 08006A   17014.03950931 -.00000025  00000-0  00000+0 0  9998
2 32487   0.0147 203.3194 0003173 106.0355 177.7866  1.00272425 32677
KIZUNA (WINDS)          
1 32500U 08007A   17013.74492697 -.00000275  00000-0  00000+0 0  9999
2 32500   0.5089  91.3200 0002259 220.4225 212.8114  1.00270308 32526
AMC-14                  
1 32708U 08011A   17013.88695487  .00000075  00000-0  00000+0 0  9998
2 32708  18.8349  65.2001 0033344 351.3543  34.2587  1.00270615 33591
DIRECTV 11              
1 32729U 08013A   17013.60874431 -.00000141  00000-0  00000+0 0  9996
2 32729   0.0058 177.9567 0000300  99.4537 315.8080  1.00268432 32422
ICO G1                  
1 32763U 08016A   17013.47644635 -.00000181  00000-0  00000+0 0  9997
2 32763   3.9006 353.1248 0003289 308.9619 249.7254  1.00271537 31952
VINASAT-1               
1 32767U 08018A   17013.31960768 -.00000344  00000-0  00000+0 0  9995
2 32767   0.0348 298.7653 0001949  15.5714  45.6225  1.00271174 32099
STAR ONE C2             
1 32768U 08018B   17012.88178691 -.00000280  00000-0  00000+0 0  9992
2 32768   0.0500 128.8850 0001276 166.7827  64.2952  1.00272878 32039
TIANLIAN 1-01           
1 32779U 08019A   17014.08508457 -.00000156  00000-0  10000-3 0  9993
2 32779   2.4899  76.8509 0038871 224.9266 282.7276  1.00274157 31965
AMOS-3                  
1 32794U 08022A   17014.22370889 -.00000050  00000-0  00000+0 0  9994
2 32794   0.0175 116.1916 0001539 196.0132 238.1920  1.00271179 31945
GALAXY 18 (G-18)        
1 32951U 08024A   17013.02839205  .00000010  00000-0  00000+0 0  9995
2 32951   0.0153  37.2087 0002873 255.9594  66.8016  1.00270165 31572
CHINASAT 9 (ZX 9)       
1 33051U 08028A   17013.98718436 -.00000262  00000-0  00000+0 0  9998
2 33051   0.0176  43.5907 0004190 251.1750 266.4230  1.00269583 31507
SKYNET 5C               
1 33055U 08030A   17014.22953147 -.00000156  00000-0  00000+0 0  9995
2 33055   0.0601  16.7428 0004001 274.3557 247.5574  1.00271227 31393
TURKSAT 3A              
1 33056U 08030B   17013.14452390  .00000131  00000-0  00000+0 0  9992
2 33056   0.0540 150.3615 0003683 134.0871 282.3483  1.00271920 31560
INTELSAT 25 (IS-25)     
1 33153U 08034A   17013.77238540 -.00000240  00000-0  00000+0 0  9994
2 33153   0.0460 251.6283 0002779  52.0800  56.2394  1.00270296 31138
BADR-6                  
1 33154U 08034B   17014.22336944  .00000129  00000-0  00000+0 0  9998
2 33154   0.0634  45.1430 0003908 289.6997 245.4041  1.00272822 31253
ECHOSTAR 11             
1 33207U 08035A   17013.98976972 -.00000072  00000-0  00000+0 0  9999
2 33207   0.0196  22.9204 0003636 286.0409  51.0064  1.00270468 31153
SUPERBIRD-C2            
1 33274U 08038A   17013.51299501 -.00000266  00000-0  00000+0 0  9996
2 33274   0.0163 346.3808 0001504 322.4972 132.9220  1.00271385 30876
AMC-21                  
1 33275U 08038B   17013.23317171  .00000021  00000-0  00000+0 0  9998
2 33275   0.0194 350.2240 0003127 317.4505 124.2393  1.00270139 30954
INMARSAT 4-F3           
1 33278U 08039A   17013.49730645 -.00000149  00000-0  00000+0 0  9997
2 33278   3.0205 359.9028 0002689 287.3490 266.9526  1.00265033 30750
NIMIQ 4                 
1 33373U 08044A   17013.29695028 -.00000235  00000-0  00000+0 0  9998
2 33373   0.0121  54.2277 0002332 253.0571 190.5651  1.00271120 30324
GALAXY 19 (G-19)        
1 33376U 08045A   17012.95648998 -.00000154  00000-0  00000+0 0  9998
2 33376   0.0134  66.1729 0003619 235.5076  58.2601  1.00271467 30328
VENESAT-1               
1 33414U 08055A   17012.27323677 -.00000251  00000-0  00000+0 0  9999
2 33414   0.0240 244.8786 0002386  40.2727 207.1427  1.00273481 30038
ASTRA 1M                
1 33436U 08057A   17014.16126387  .00000104  00000-0  00000+0 0  9990
2 33436   0.0288  82.8033 0001486 158.4554 309.7670  1.00270083 29974
CIEL-2                  
1 33453U 08063A   17013.61385866  .00000043  00000-0  00000+0 0  9996
2 33453   0.0258 315.2829 0003348 346.8495 263.2554  1.00270432 29649
EUTELSAT HOT BIRD 13C   
1 33459U 08065A   17013.64911565  .00000071  00000-0  00000+0 0  9999
2 33459   0.0642  59.9350 0002359 242.4053  57.6114  1.00272770 29740
EUTELSAT 48D            
1 33460U 08065B   17014.15125760  .00000108  00000-0  00000+0 0  9993
2 33460   0.0499 347.8417 0003481 297.1439 291.3409  1.00273606 29605
FENGYUN 2E              
1 33463U 08066A   17012.59539045 -.00000218  00000-0  00000+0 0  9991
2 33463   1.8904  65.6282 0004335 221.2995 126.5667  1.00271476 29560
EXPRESS-AM44            
1 33595U 09007A   17012.94423156 -.00000104  00000-0  00000+0 0  9991
2 33595   0.0140 208.2184 0000235  99.1909 134.1224  1.00271918 29045
NSS-9                   
1 33749U 09008A   17013.47964976  .00000056  00000-0  00000+0 0  9997
2 33749   0.0230 341.7377 0002555 312.8082 174.3080  1.00272201 29050
EUTELSAT 33E            
1 33750U 09008B   17013.08608251  .00000141  00000-0  00000+0 0  9992
2 33750   0.0460 312.4037 0005387 314.4215 269.9860  1.00269375 29085
TELSTAR 11N             
1 34111U 09009A   17014.08786830 -.00000267  00000-0  00000+0 0  9996
2 34111   0.0177  48.5861 0003026 234.0933 185.1150  1.00271794 28916
EUTELSAT 10A            
1 34710U 09016A   17014.22354722  .00000052  00000-0  00000+0 0  9997
2 34710   0.0623   8.5596 0005286 287.6912 268.0789  1.00270841 28460
SES-7 (PROTOSTAR 2)     
1 34941U 09027A   17013.82895409 -.00000361  00000-0  00000+0 0  9996
2 34941   0.0279  63.2990 0003022 223.3935 233.4505  1.00271841 28112
MEASAT-3A               
1 35362U 09032A   17013.43160025 -.00000256  00000-0  00000+0 0  9999
2 35362   0.0254 246.9016 0002783  21.3893  91.6772  1.00269728 27732
GOES 14                 
1 35491U 09033A   17012.97668663 -.00000108  00000-0  00000+0 0  9998
2 35491   0.0683 258.4492 0007976 341.3595 120.0882  1.00272710 27644
SIRIUS FM-5             
1 35493U 09034A   17013.29830476 -.00000215  00000-0  00000+0 0  9999
2 35493   0.0116  48.7960 0000325 286.8991 158.4902  1.00269217 27467
TERRESTAR-1             
1 35496U 09035A   17012.94478728 -.00000066  00000-0  00000+0 0  9996
2 35496   3.0182 341.4062 0003004 316.9989  43.3213  1.00272006 27648
ASIASAT 5               
1 35696U 09042A   17014.01486325 -.00000322  00000-0  00000+0 0  9993
2 35696   0.0092  29.9668 0001201 231.3835 318.1078  1.00267769 27163
JCSAT-RA (JCSAT-12)     
1 35755U 09044A   17013.33072628 -.00000360  00000-0  00000+0 0  9994
2 35755   0.0531  53.8260 0001029 219.6595  86.4780  1.00272861 27154
OPTUS D3                
1 35756U 09044B   17013.25455245 -.00000162  00000-0  00000+0 0  9996
2 35756   0.0283 357.8793 0004170 308.5043  54.1690  1.00271994 27128
PALAPA D                
1 35812U 09046A   17013.37216522 -.00000373  00000-0  00000+0 0  9991
2 35812   0.0257  73.1797 0002362 244.4554  42.3218  1.00271757 27166
NIMIQ 5                 
1 35873U 09050A   17013.23519733 -.00000272  00000-0  00000+0 0  9996
2 35873   0.0118  64.4657 0003060 233.7898 186.5825  1.00270128 26845
AMAZONAS 2              
1 35942U 09054A   17012.68756385 -.00000297  00000-0  00000+0 0  9998
2 35942   0.0363 176.2551 0001444  58.5729  64.0372  1.00268616 26665
COMSATBW-1              
1 35943U 09054B   17013.81933765  .00000009  00000-0  00000+0 0  9994
2 35943   0.0493  88.8671 0003092 207.8632 174.6677  1.00271037 26751
NSS-12                  
1 36032U 09058A   17012.52989528  .00000058  00000-0  00000+0 0  9997
2 36032   0.0254 329.2573 0002715 329.3208  61.3717  1.00271010 26421
THOR 6                  
1 36033U 09058B   17014.16056816 -.00000026  00000-0  00000+0 0  9991
2 36033   0.0166 131.0333 0002038 170.3066 229.4041  1.00272014 26467
INTELSAT 14 (IS-14)     
1 36097U 09064A   17012.81244449 -.00000288  00000-0  00000+0 0  9999
2 36097   0.0099  63.0638 0003146 239.2411  57.6408  1.00273300 26191
EUTELSAT 36B            
1 36101U 09065A   17013.20720201  .00000140  00000-0  00000+0 0  9991
2 36101   0.0623   6.9250 0004844 288.6374 287.8050  1.00268428 26294
INTELSAT 15 (IS-15)     
1 36106U 09067A   17013.74070392 -.00000200  00000-0  00000+0 0  9994
2 36106   0.0121  23.8719 0002696 274.6838 166.6257  1.00271275 26098
DIRECTV 12              
1 36131U 09075A   17013.38243678 -.00000119  00000-0  00000+0 0  9999
2 36131   0.0538 217.7136 0001824  22.0882 268.1173  1.00276400 25876
BEIDOU G1               
1 36287U 10001A   17013.71179603 -.00000298  00000-0  10000-3 0  9998
2 36287   1.5396  10.7181 0004936 234.3886 264.5024  1.00276416 25665
RADUGA-1M 2             
1 36358U 10002A   17014.08492670 -.00000199  00000-0  00000+0 0  9996
2 36358   0.0033 320.5666 0003384 354.3147 274.4010  1.00269477 25502
SDO                     
1 36395U 10005A   17012.42811309 -.00000082  00000-0  00000+0 0  9991
2 36395  28.6002 143.2282 0001900 141.8934 239.2848  1.00269285 25510
INTELSAT 16 (IS-16)     
1 36397U 10006A   17013.53501935 -.00000300  00000-0  00000+0 0  9991
2 36397   0.0224 312.0317 0002864   3.8785 291.7753  1.00272254 25224
GOES 15                 
1 36411U 10008A   17013.06139122  .00000074  00000-0  00000+0 0  9990
2 36411   0.1154 258.8738 0001823 307.4438 153.6490  1.00260298 25173
ECHOSTAR 14             
1 36499U 10010A   17013.40256424 -.00000015  00000-0  00000+0 0  9998
2 36499   0.0167 357.7414 0002862 294.9103 206.4177  1.00271503 25029
SES-1                   
1 36516U 10016A   17013.48941260 -.00000130  00000-0  00000+0 0  9999
2 36516   0.0251 329.7890 0002138 314.2441 264.2925  1.00271280 24627
ASTRA 3B                
1 36581U 10021A   17014.08943007  .00000121  00000-0  00000+0 0  9994
2 36581   0.0367  27.4125 0002873 267.9063 234.0803  1.00271190 24147
COMSATBW-2              
1 36582U 10021B   17013.75863425  .00000072  00000-0  00000+0 0  9998
2 36582   0.0541 285.5934 0002765  22.0820  92.0250  1.00268068 24483
BEIDOU G3               
1 36590U 10024A   17013.70196588 -.00000371  00000-0  00000+0 0  9997
2 36590   1.4477  31.1125 0006211 297.3062 148.0432  1.00278614 24276
BADR-5                  
1 36592U 10025A   17014.16142291  .00000129  00000-0  00000+0 0  9993
2 36592   0.0124 104.6805 0002996 158.3831 294.8158  1.00272458 24397
COMS 1                  
1 36744U 10032A   17013.71195081 -.00000360  00000-0  00000+0 0  9993
2 36744   0.0178  58.7790 0001250 252.1121 186.9568  1.00272646 24142
ARABSAT-5A              
1 36745U 10032B   17012.95875845  .00000139  00000-0  00000+0 0  9995
2 36745   0.0513 357.2805 0002848 285.9843 205.0263  1.00275855 24116
ECHOSTAR 15             
1 36792U 10034A   17013.23031410 -.00000297  00000-0  00000+0 0  9999
2 36792   0.0360 308.0112 0002542 357.0031 189.1443  1.00271307 23887
NILESAT 201             
1 36830U 10037A   17013.22200536 -.00000073  00000-0  00000+0 0  9993
2 36830   0.0583 208.9072 0003569  91.5998 245.2544  1.00271727 23772
RASCOM-QAF 1R           
1 36831U 10037B   17013.67677313  .00000003  00000-0  00000+0 0  9996
2 36831   0.0214  50.9528 0006403 235.1193  73.8574  1.00268724 23780
CHINASAT 6A (ZX 6A)     
1 37150U 10042A   17013.77941920 -.00000369  00000-0  00000+0 0  9992
2 37150   0.0177 132.1250 0001092 321.9927  64.9669  1.00272695 23391
QZS-1 (MICHIBIKI)       
1 37158U 10045A   17012.72818363  .00000000  00000-0  10000-3 0  9997
2 37158  40.7803 161.5875 0747676 269.9782  81.3366  1.00270867 23194
XM-5                    
1 37185U 10053A   17013.29785297 -.00000221  00000-0  00000+0 0  9999
2 37185   0.0180  31.2250 0001001 194.8817 268.8621  1.00276945 22931
BSAT-3B                 
1 37207U 10056B   17014.01640566 -.00000366  00000-0  00000+0 0  9997
2 37207   0.0989 296.0663 0005465  14.2980 279.0480  1.00271707 22765
BEIDOU G4               
1 37210U 10057A   17014.23649394 -.00000127  00000-0  00000+0 0  9999
2 37210   0.8076  46.5778 0007177 192.8402 119.6514  1.00271656 22785
SKYTERRA 1              
1 37218U 10061A   17012.88340185 -.00000127  00000-0  00000+0 0  9997
2 37218   3.4143 328.9050 0000968 274.9190  85.4064  1.00271054 22719
ZHONGXING-20A           
1 37234U 10064A   17013.81367699 -.00000352  00000-0  00000+0 0  9991
2 37234   0.0481 122.9644 0005063 198.0359 215.4222  1.00273983 22523
HYLAS 1                 
1 37237U 10065A   17013.87756648 -.00000250  00000-0  00000+0 0  9994
2 37237   0.0361 334.0781 0002196 330.2681  91.5779  1.00269138 22508
INTELSAT 17 (IS-17)     
1 37238U 10065B   17013.02019622 -.00000016  00000-0  00000+0 0  9996
2 37238   0.0276  92.3324 0002607 224.7684 228.8415  1.00271451 22400
EUTELSAT KA-SAT 9A      
1 37258U 10069A   17013.66021115  .00000046  00000-0  00000+0 0  9994
2 37258   0.0402 295.6678 0002892 335.3599  88.9137  1.00273189 22319
HISPASAT 1E             
1 37264U 10070A   17013.34856758 -.00000232  00000-0  00000+0 0  9995
2 37264   0.0324 112.8072 0002729 166.8393 288.8384  1.00270889 22156
KOREASAT 6              
1 37265U 10070B   17013.78590068 -.00000377  00000-0  00000+0 0  9993
2 37265   0.0099  47.7116 0002056 246.1146 218.5046  1.00268845 22178
ELEKTRO-L 1 (GOMS 2)    
1 37344U 11001A   17013.28523311 -.00000192  00000-0  00000+0 0  9993
2 37344   2.1227  78.4821 0003838 253.6376 221.1815  1.00243505 21958
BEIDOU IGSO 3           
1 37384U 11013A   17013.83102403 -.00000190  00000-0  10000-3 0  9999
2 37384  57.6301  74.5536 0026900 209.9160 245.1666  1.00250105 21178
INTELSAT NEW DAWN       
1 37392U 11016A   17013.08608251  .00000141  00000-0  00000+0 0  9990
2 37392   0.0155  79.7247 0000590 228.1304 228.7096  1.00273778 21009
YAHSAT 1A               
1 37393U 11016B   17013.96645285  .00000085  00000-0  00000+0 0  9993
2 37393   0.0152  46.7198 0002686 266.3705 200.9609  1.00272326 21058
TELSTAR 14R             
1 37602U 11021A   17014.18782491 -.00000295  00000-0  00000+0 0  9992
2 37602   0.0416 301.0058 0002334 355.7552 181.6633  1.00269597 21282
GSAT-8                  
1 37605U 11022A   17014.16106272  .00000069  00000-0  00000+0 0  9999
2 37605   0.1016 277.1847 0008812 354.7806 314.9251  1.00270708 20731
ST-2                    
1 37606U 11022B   17013.85644466 -.00000227  00000-0  00000+0 0  9994
2 37606   0.0136  69.1992 0002151 240.3554 200.2703  1.00271495 20748
CHINASAT 10 (ZX 10)     
1 37677U 11026A   17013.87662405 -.00000368  00000-0  00000+0 0  9997
2 37677   0.0243  83.6171 0005018 182.9570 273.0555  1.00271591 20468
TIANLIAN 1-02           
1 37737U 11032A   17013.47525253  .00000012  00000-0  00000+0 0  9991
2 37737   2.2774  78.2107 0010311 188.9487 193.8406  1.00269716 20215
GSAT-12                 
1 37746U 11034A   17014.08801613 -.00000180  00000-0  00000+0 0  9995
2 37746   0.0797 265.4806 0003272 224.6227  98.2816  1.00271816 20453
SES-3                   
1 37748U 11035A   17012.75926897 -.00000116  00000-0  00000-0 0  9992
2 37748   0.0433 294.9154 0003272 356.1723 351.6614  1.00271134 20092
KAZSAT-2                
1 37749U 11035B   17014.02162428 -.00000214  00000-0  00000+0 0  9995
2 37749   0.0153 233.2048 0001828  79.7349 255.0384  1.00274814 20063
ASTRA 1N                
1 37775U 11041A   17014.16126387  .00000104  00000-0  00000+0 0  9997
2 37775   0.0535  32.1523 0003456 315.5448 203.3282  1.00272258 19892
BSAT-3C (JCSAT-110R)    
1 37776U 11041B   17013.87662428 -.00000366  00000-0  00000+0 0  9997
2 37776   0.0384 270.8212 0000314 299.3282 328.9275  1.00272173 20014
PAKSAT-1R               
1 37779U 11042A   17013.20697869  .00000139  00000-0  00000+0 0  9992
2 37779   0.0457 203.0828 0003924  93.8381 288.4415  1.00270530 19767
CHINASAT 1A (ZX 1A)     
1 37804U 11047A   17012.60996721  .00000000  00000-0  10000-3 0  9990
2 37804   0.0545 126.3141 0002408 200.5396 134.7808  1.00263549 19567
COSMOS 2473             
1 37806U 11048A   17012.72523923 -.00000123  00000-0  00000+0 0  9998
2 37806   0.0584 108.6062 0002960 211.3880  39.9603  1.00270426 19558
SES-2                   
1 37809U 11049A   17012.35810294 -.00000210  00000-0  00000+0 0  9998
2 37809   0.0438 293.1015 0003001 346.3100 234.5202  1.00270729 19495
ARABSAT-5C              
1 37810U 11049B   17014.16126387  .00000108  00000-0  00000+0 0  9999
2 37810   0.0616  17.9633 0002825 276.8700 257.0392  1.00274550 19406
EUTELSAT 7 WEST A       
1 37816U 11051A   17013.70522032 -.00000076  00000-0  00000+0 0  9999
2 37816   0.0616  31.0390 0004577 229.9380  98.9457  1.00272602 19464
QUETZSAT 1              
1 37826U 11054A   17013.54228240 -.00000257  00000-0  00000+0 0  9990
2 37826   0.0239 337.4113 0003006 321.8207 292.1638  1.00270329 19584
INTELSAT 18 (IS-18)     
1 37834U 11056A   17014.19957993  .00000037  00000-0  00000+0 0  9992
2 37834   0.0177  28.5428 0002707 280.3506  56.7740  1.00270821 19359
EUTELSAT 16A            
1 37836U 11057A   17014.22177705  .00000088  00000-0  00000+0 0  9990
2 37836   0.0634  18.3247 0004609 277.5071 273.8582  1.00272286 19288
VIASAT-1                
1 37843U 11059A   17013.43733796 -.00000039  00000-0  00000+0 0  9997
2 37843   0.0237  49.0153 0002627 247.5340 218.8858  1.00270013 19760
ASIASAT 7               
1 37933U 11069A   17013.87491865 -.00000349  00000-0  00000+0 0  9998
2 37933   0.0103  66.9026 0001730 225.4827 241.6063  1.00270848 18956
LUCH 5A                 
1 37951U 11074B   17014.23465818 -.00000062  00000-0  00000+0 0  9996
2 37951   1.5770 195.7196 0004439  96.7216  72.8488  1.00269977 18687
NIGCOMSAT 1R            
1 38014U 11077A   17014.09022051  .00000129  00000-0  00000+0 0  9995
2 38014   0.0031 347.4311 0002019 285.8856 275.4471  1.00272020 18529
FENGYUN 2F              
1 38049U 12002A   17013.82164771 -.00000373  00000-0  00000+0 0  9990
2 38049   1.4035  77.7144 0001884 167.9553 275.4326  1.00280049 18389
SES-4                   
1 38087U 12007A   17012.86784344 -.00000183  00000-0  00000+0 0  9993
2 38087   0.0167  18.5316 0002247 277.4741 106.9432  1.00271498 17974
BEIDOU G5               
1 38091U 12008A   17013.08142255  .00000041  00000-0  00000+0 0  9995
2 38091   1.9626  53.7043 0004644 219.3193 287.7489  1.00268150 17966
INTELSAT 22 (IS-22)     
1 38098U 12011A   17012.48805583 -.00000073  00000-0  00000+0 0  9995
2 38098   0.0178  12.0478 0002094 280.7707  67.1365  1.00271857 17539
APSTAR 7                
1 38107U 12013A   17013.89463331 -.00000117  00000-0  00000+0 0  9994
2 38107   0.0295  56.8977 0002795 243.4962 211.7151  1.00271576 17669
YAHSAT 1B               
1 38245U 12016A   17013.55321803  .00000111  00000-0  00000+0 0  9993
2 38245   0.0170  43.0157 0002940 268.9984  47.9609  1.00273855 17412
JCSAT-13                
1 38331U 12023A   17013.34157656 -.00000372  00000-0  00000+0 0  9997
2 38331   0.0092  53.3702 0002340 250.4465  56.1361  1.00270635 17066
VINASAT-2               
1 38332U 12023B   17013.84642868 -.00000345  00000-0  00000+0 0  9997
2 38332   0.0299 300.8787 0002808  12.7715 236.3761  1.00270240 17108
NIMIQ 6                 
1 38342U 12026A   17012.94015681 -.00000188  00000-0  00000+0 0  9993
2 38342   0.0459 276.9557 0002918  19.0737  63.9166  1.00271579 17087
CHINASAT 2A (ZX 2A)     
1 38352U 12028A   17013.44424649 -.00000308  00000-0  00000+0 0  9994
2 38352   0.0636 239.1111 0005866  85.9169  46.2441  1.00273376 17131
INTELSAT 19 (IS-19)     
1 38356U 12030A   17012.29453451  .00000000  00000-0  10000-3 0  9999
2 38356   0.0112 352.6122 0003290 291.6967  99.7063  1.00270005 17003
ECHOSTAR 17             
1 38551U 12035A   17012.98452467 -.00000090  00000-0  00000+0 0  9998
2 38551   0.0170  43.0605 0001996 246.6524  70.2414  1.00272554 16612
METEOSAT-10 (MSG-3)     
1 38552U 12035B   17012.68688016 -.00000015  00000-0  00000+0 0  9994
2 38552   0.6514  41.0683 0002114 244.8761  74.0092  1.00279911 16709
SES-5                   
1 38652U 12036A   17014.09145267  .00000018  00000-0  00000+0 0  9991
2 38652   0.0530 249.8090 0002344  51.8398 209.9688  1.00272096 16560
TIANLIAN 1-03           
1 38730U 12040A   17012.65852102  .00000057  00000-0  00000+0 0  9999
2 38730   0.0668 255.0415 0002156  22.2584  82.6523  1.00271743 16471
INTELSAT 20 (IS-20)     
1 38740U 12043A   17012.49810702 -.00000038  00000-0  00000+0 0  9995
2 38740   0.0139  77.4408 0002301 105.2097 177.3256  1.00271583 16316
HYLAS 2                 
1 38741U 12043B   17012.60190365  .00000140  00000-0  00000+0 0  9998
2 38741   0.0139  56.5653 0002010 236.3229  67.0674  1.00272266 16337
INTELSAT 21 (IS-21)     
1 38749U 12045A   17012.84850996 -.00000300  00000-0  00000+0 0  9996
2 38749   0.0185  21.6910 0002379 275.8619  62.4229  1.00268964 16126
ASTRA 2F                
1 38778U 12051A   17013.00000000  .00000135  00000-0  00000+0 0  9992
2 38778   0.0610 258.3250 0003272 355.4230 247.0850  1.00266855 15772
GSAT-10                 
1 38779U 12051B   17012.45779263 -.00000179  00000-0  00000+0 0  9994
2 38779   0.1173 269.3263 0001883 357.3257  93.3037  1.00272498 15779
INTELSAT 23 (IS-23)     
1 38867U 12057A   17013.83191069 -.00000300  00000-0  00000+0 0  9999
2 38867   0.0319 272.0761 0002204  30.6545  57.2224  1.00272254 15600
BEIDOU G6               
1 38953U 12059A   17013.07312421 -.00000191  00000-0  10000-3 0  9993
2 38953   1.3392  79.7913 0006550 177.7191 325.6295  1.00270489 15530
LUCH 5B                 
1 38977U 12061A   17013.10424970 -.00000147  00000-0  00000+0 0  9995
2 38977   3.2345  75.6210 0003544 212.5915 205.7709  1.00273819 15664
YAMAL 300K              
1 38978U 12061B   17013.47964976  .00000055  00000-0  00000+0 0  9998
2 38978   0.0412 127.3070 0000592  75.2153 266.2005  1.00265810 15362
STAR ONE C3             
1 38991U 12062A   17012.63867157 -.00000264  00000-0  00000+0 0  9997
2 38991   0.0239  87.1733 0003005 204.4786 335.5553  1.00273098 15335
EUTELSAT 21B            
1 38992U 12062B   17013.62526934  .00000114  00000-0  00000+0 0  9996
2 38992   0.0631  17.8282 0002332 280.3590  61.7639  1.00272121 15361
ECHOSTAR 16             
1 39008U 12065A   17013.85546560 -.00000298  00000-0  00000+0 0  9994
2 39008   0.0153  67.8915 0001875 234.0633  58.0013  1.00272585 15305
CHINASAT 12 (ZX 12)     
1 39017U 12067A   17013.87973050 -.00000222  00000-0  00000+0 0  9993
2 39017   0.0197  70.5827 0003060 226.3292 220.8137  1.00271576 15203
EUTELSAT 70B            
1 39020U 12069A   17012.60055595  .00000000  00000-0  10000-3 0  9992
2 39020   0.0611  39.1024 0003501 227.6424 132.2399  1.00270380 15083
YAMAL 402               
1 39022U 12070A   17011.66862405  .00000000  00000-0  10000-3 0  9997
2 39022   0.0179  65.3230 0002488 244.5306  97.1082  1.00270699 15063
SKYNET 5D               
1 39034U 12075A   17013.82300046  .00000084  00000-0  00000+0 0  9990
2 39034   0.0677   3.5722 0004319 286.8257 172.0684  1.00271830 15012
MEXSAT 3                
1 39035U 12075B   17014.00308780 -.00000041  00000-0  00000+0 0  9999
2 39035   0.0119 245.6723 0002498  25.1586  89.1145  1.00271291 14974
TDRS 11                 
1 39070U 13004A   17014.07264542  .00000085  00000-0  00000+0 0  9992
2 39070   5.5903 328.8260 0011682 296.5719  63.4933  1.00279184 14486
AMAZONAS 3              
1 39078U 13006A   17012.85670410 -.00000297  00000-0  00000+0 0  9997
2 39078   0.0133 246.4390 0004361  18.0062  95.5051  1.00269473 14456
AZERSPACE 1             
1 39079U 13006B   17013.55770004  .00000118  00000-0  00000+0 0  9997
2 39079   0.0213  41.5958 0002778 275.5733  42.8093  1.00269952 14425
EUTELSAT 117 WEST A     
1 39122U 13012A   17014.00854056 -.00000028  00000-0  00000+0 0  9995
2 39122   0.0149 347.6611 0002464 306.0595  66.2536  1.00268959 13962
ANIK G1                 
1 39127U 13014A   17011.98775487 -.00000087  00000-0  00000-0 0  9992
2 39127   0.0294 290.7132 0003279 353.7082  75.5207  1.00271244 13733
CHINASAT 11 (ZX 11)     
1 39157U 13020A   17013.00452939 -.00000305  00000-0  00000+0 0  9993
2 39157   0.0486  92.9710 0002838 195.3504 283.9259  1.00267852 13633
EUTELSAT 7B             
1 39163U 13022A   17013.66570588  .00000032  00000-0  00000+0 0  9991
2 39163   0.0380  16.5595 0005323 315.6794  27.7071  1.00272192 13499
SES-6                   
1 39172U 13026A   17013.17461074 -.00000276  00000-0  00000+0 0  9991
2 39172   0.0280 334.0586 0002346 308.3226 212.7972  1.00271058 13213
IRNSS-1A                
1 39199U 13034A   17012.86103876  .00000071  00000-0  00000+0 0  9999
2 39199  28.5715 117.7428 0021468 183.2392 176.6644  1.00278665 13126
ALPHASAT                
1 39215U 13038A   17013.70218855  .00000122  00000-0  00000+0 0  9997
2 39215   1.5617  30.7682 0002432 269.6910  90.4932  1.00270480 12767
INSAT-3D                
1 39216U 13038B   17012.50532575  .00000000  00000-0  10000-3 0  9993
2 39216   0.0097 295.4490 0002792  39.3091  41.3832  1.00266472  6383
EUTELSAT 25B            
1 39233U 13044A   17012.65741872  .00000000  00000-0  10000-3 0  9997
2 39233   0.0441   0.6174 0001737 301.9288  71.9247  1.00266916 12394
GSAT-7                  
1 39234U 13044B   17012.48249128 -.00000091  00000-0  00000-0 0  9993
2 39234   0.0315  97.6608 0013559 181.4994  80.6629  1.00271319 10845
AMOS-4                  
1 39237U 13045A   17013.50499092 -.00000008  00000-0  00000+0 0  9995
2 39237   0.0214  83.6431 0002876 223.4054  52.9000  1.00272091 12383
ASTRA 2E                
1 39285U 13056A   17013.00000000  .00000135  00000-0  00000+0 0  9992
2 39285   0.0840  36.8200 0002061 261.8900 202.4600  1.00265014 12078
SIRIUS FM-6             
1 39360U 13058A   17012.22241019  .00000000  00000-0  10000-3 0  9994
2 39360   0.0486  95.1401 0000541 318.4953  22.2099  1.00270422 11828
RADUGA-1M 3             
1 39375U 13062A   17013.13769400 -.00000053  00000-0  00000+0 0  9999
2 39375   0.0249  94.5565 0003440 213.9251 283.8686  1.00272092 11615
SES-8                   
1 39460U 13071A   17012.42468377 -.00000283  00000-0  00000+0 0  9999
2 39460   0.0501 260.7800 0001353  51.3663  47.8196  1.00271775 11354
INMARSAT 5-F1           
1 39476U 13073A   17013.82723817  .00000012  00000-0  00000+0 0  9995
2 39476   0.0171  46.9174 0000680 296.5306 130.4074  1.00273186 11421
TKSAT-1 (TUPAC KATARI)  
1 39481U 13075A   17013.29966729 -.00000210  00000-0  00000+0 0  9996
2 39481   0.0365 133.5633 0003554 166.8720 193.1886  1.00272670 11331
EXPRESS-AM5             
1 39487U 13077A   17011.58589823 -.00000292  00000-0  00000+0 0  9990
2 39487   0.0625 231.9470 0000627 130.3118  99.9546  1.00271814 11844
GSAT-14                 
1 39498U 14001A   17013.83579140 -.00000093  00000-0  00000+0 0  9990
2 39498   0.0051 285.8614 0010220 355.2080 207.2984  1.00272011 11078
THAICOM 6               
1 39500U 14002A   17013.84381994 -.00000137  00000-0  00000+0 0  9993
2 39500   0.0598 126.6048 0001271 135.9357 233.2226  1.00271565 11012
TDRS 12                 
1 39504U 14004A   17012.73567105 -.00000278  00000-0  00000+0 0  9992
2 39504   6.1402 336.2947 0004523 316.2547  43.8584  1.00273144 10939
ABS-2                   
1 39508U 14006A   17012.48019821 -.00000101  00000-0  00000-0 0  9993
2 39508   0.0260 334.9414 0003214 333.1672  51.8395  1.00272191 10812
ATHENA-FIDUS            
1 39509U 14006B   17013.58037441  .00000139  00000-0  00000+0 0  9993
2 39509   0.0094  62.0007 0001457 249.2968  48.6648  1.00269467 10993
TURKSAT 4A              
1 39522U 14007A   17013.56857997  .00000131  00000-0  00000+0 0  9995
2 39522   0.0753 269.0610 0005427  13.9137  76.9392  1.00268436 10708
EXPRESS-AT1             
1 39612U 14010A   17014.16106272  .00000063  00000-0  00000+0 0  9993
2 39612   0.0392 222.2101 0000069 166.3599 199.2134  1.00273166 10546
EXPRESS-AT2             
1 39613U 14010B   17011.63013086  .00000000  00000-0  10000-3 0  9999
2 39613   0.0273 186.3340 0000253  99.7884 191.8139  1.00264538 10345
AMAZONAS 4A             
1 39616U 14011A   17013.85398592 -.00000298  00000-0  00000+0 0  9992
2 39616   0.0749  74.9007 0003455 262.9381  22.1204  1.00276683 10366
ASTRA 5B                
1 39617U 14011B   17013.05933619  .00000140  00000-0  00000+0 0  9995
2 39617   0.0342 354.4024 0002529 294.3862 236.7973  1.00272422 10357
IRNSS-1B                
1 39635U 14017A   17009.86021653  .00000064  00000-0  00000+0 0  9996
2 39635  29.3788 297.3891 0017522 187.8570 349.0386  1.00271273 10251
LUCH 5V                 
1 39727U 14023A   17013.51323313 -.00000281  00000-0  00000+0 0  9992
2 39727   3.0061 299.4168 0003927   6.5919  86.6452  1.00272498528010
KAZSAT 3                
1 39728U 14023B   17012.66318694  .00000000  00000-0  10000-3 0  9997
2 39728   0.0385  56.6022 0000907 294.5555  58.4768  1.00272083902551
EUTELSAT 3B             
1 39773U 14030A   17013.27145045  .00000004  00000-0  00000+0 0  9990
2 39773   0.0704  39.4267 0003423 259.2505 275.0447  1.00271938  9709
ASIASAT 8               
1 40107U 14046A   17012.54265397  .00000000  00000-0  10000-3 0  9993
2 40107   0.0163  75.8196 0029576 304.2473  32.6534  1.00284006  6631
ASIASAT 6               
1 40141U 14052A   17012.93962324 -.00000377  00000-0  00000-0 0  9999
2 40141   0.0176  82.9931 0000877 232.2137 255.5446  1.00269699  8540
OPTUS 10                
1 40146U 14054A   17013.23077658 -.00000090  00000-0  00000+0 0  9998
2 40146   0.1008   3.1411 0001674 283.4290  73.3871  1.00270465  8611
MEASAT-3B               
1 40147U 14054B   17013.43158565 -.00000257  00000-0  00000+0 0  9993
2 40147   0.0240 358.4132 0002182 321.6880  39.8577  1.00270878  8663
LUCH (OLYMP)            
1 40258U 14058A   17012.87513340  .00000052  00000-0  00000-0 0  9996
2 40258   0.0170  84.4071 0000774 261.8737  91.1462  1.00267974  8428
HIMAWARI-8              
1 40267U 14060A   17012.29819400 -.00000290  00000-0  00000+0 0  9995
2 40267   0.0109 359.4385 0001276 291.8474  68.7005  1.00270183  8342
IRNSS-1C                
1 40269U 14061A   17012.16734544 -.00000172  00000-0  00000+0 0  9998
2 40269   3.3214 254.7836 0022369   4.0984 356.2380  1.00269594  8290
INTELSAT 30 (IS-30)     
1 40271U 14062A   17012.98242788 -.00000165  00000-0  00000+0 0  9998
2 40271   0.0104  64.1866 0001413  17.8179 289.2429  1.00270598  8257
ARSAT 1                 
1 40272U 14062B   17013.23519733 -.00000275  00000-0  00000+0 0  9997
2 40272   0.0442 242.4113 0001908  33.8817 209.4608  1.00271579  8371
EXPRESS-AM6             
1 40277U 14064A   17013.82013042  .00000083  00000-0  00000+0 0  9997
2 40277   0.0102 252.0795 0000637  67.9859 141.6328  1.00270898  8160
GSAT-16                 
1 40332U 14078A   17012.53544438  .00000071  00000-0  00000+0 0  9996
2 40332   0.0643  94.3170 0002270 339.5961 286.0891  1.00270594  7748
DIRECTV 14              
1 40333U 14078B   17013.60874431 -.00000140  00000-0  00000+0 0  9993
2 40333   0.0168  41.0951 0001149 285.0417 267.0243  1.00268017  7738
YAMAL 401               
1 40345U 14082A   17011.69680279  .00000000  00000-0  10000-3 0  9992
2 40345   0.0355 129.5681 0000378 177.3414 145.2365  1.00268672  7878
ASTRA 2G                
1 40364U 14089A   17013.00000000  .00000134  00000-0  00000+0 0  9998
2 40364   0.0480 354.2030 0002384  31.9400 114.7350  1.00264293  7502
FENGYUN 2G              
1 40367U 14090A   17013.82895409 -.00000345  00000-0  00000+0 0  9993
2 40367   0.7518 265.8965 0002073 305.1291 305.3467  1.00280269  7538
INMARSAT 5-F2           
1 40384U 15005A   17012.97881390 -.00000300  00000-0  00000+0 0  9999
2 40384   0.0239  43.9095 0000863 307.5729  58.5159  1.00272157  7167
ABS-3A                  
1 40424U 15010A   17013.69326807 -.00000042  00000-0  00000+0 0  9990
2 40424   0.0154  58.5843 0001602 143.4404 157.9431  1.00271243  6903
EUTELSAT 115 WEST B     
1 40425U 15010B   17013.00608590 -.00000040  00000-0  00000+0 0  9996
2 40425   0.0027 153.0740 0000113 232.6023 334.3243  1.00271431  6927
EXPRESS-AM7             
1 40505U 15012A   17013.20964472  .00000136  00000-0  00000+0 0  9998
2 40505   0.0056  53.9309 0002123 226.0342 308.3425  1.00271712  6847
IRNSS-1D                
1 40547U 15018A   17013.20249705 -.00000315  00000-0  00000+0 0  9995
2 40547  29.3631 297.4740 0017172 186.1770 173.8533  1.00278697  6733
BEIDOU I1-S             
1 40549U 15019A   17013.69779567 -.00000200  00000-0  00000+0 0  9998
2 40549  54.5408 335.5343 0040193 185.2294 300.0251  1.00272949  6577
THOR 7                  
1 40613U 15022A   17012.68958184 -.00000023  00000-0  00000+0 0  9999
2 40613   0.0316 225.6596 0002836  69.4933  64.7943  1.00272911  6309
TURKMENALEM52E/MONACOSAT
1 40617U 15023A   17013.54100497  .00000088  00000-0  00000+0 0  9996
2 40617   0.0174  59.9517 0002931 241.9401  58.0544  1.00272211  6338
DIRECTV 15              
1 40663U 15026A   17012.17914278  .00000000  00000-0  10000-3 0  9997
2 40663   0.0453  93.3489 0000077 334.5663   5.6641  1.00268167  6013
SKY MEXICO-1            
1 40664U 15026B   17012.90608575 -.00000249  00000-0  00000+0 0  9990
2 40664   0.0148  59.1175 0002440 237.9690  62.8646  1.00271987  6024
METEOSAT-11 (MSG-4)     
1 40732U 15034A   17012.39165720  .00000000  00000-0  10000-3 0  9997
2 40732   2.1049 248.8429 0001821  41.5064 318.9264  1.00268749  5525
STAR ONE C4             
1 40733U 15034B   17012.88173127 -.00000280  00000-0  00000+0 0  9998
2 40733   0.0366  56.9943 0002520 265.9872  36.9773  1.00271448  5522
INTELSAT 34 (IS-34)     
1 40874U 15039A   17012.84158421 -.00000300  00000-0  00000+0 0  9998
2 40874   0.0174  38.5919 0000876 187.9906 133.3865  1.00270350  5162
EUTELSAT 8 WEST B       
1 40875U 15039B   17013.70716622 -.00000081  00000-0  00000+0 0  9994
2 40875   0.0661  28.2636 0004323 270.6775  60.9900  1.00272302  5187
GSAT-6                  
1 40880U 15041A   17013.45483585 -.00000180  00000-0  00000+0 0  9994
2 40880   0.1509 257.8613 0010618  19.4036  82.5889  1.00271551  5128
INMARSAT 5-F3           
1 40882U 15042A   17013.18769059  .00000035  00000-0  00000+0 0  9998
2 40882   0.0178  36.4850 0000528   2.7910 320.7034  1.00273695  5041
TJS-1                   
1 40892U 15046A   17012.87776903 -.00000171  00000-0  00000-0 0  9997
2 40892   0.1028 253.1990 0006717  80.3220 249.9141  1.00274668  5033
EXPRESS-AM8             
1 40895U 15048A   17014.12155391 -.00000127  00000-0  00000+0 0  9994
2 40895   0.0338 219.9709 0000298  90.0536 193.4777  1.00271291  4871
BEIDOU I2-S             
1 40938U 15053A   17014.01465418 -.00000154  00000-0  00000+0 0  9990
2 40938  54.4172 298.4169 0046209 174.1643 101.8334  1.00284847  4856
SKY MUSTER (NBN1A)      
1 40940U 15054A   17013.29663159 -.00000294  00000-0  00000+0 0  9990
2 40940   0.0184  28.0242 0002267 267.7918  64.1607  1.00272282  4773
ARSAT 2                 
1 40941U 15054B   17011.91494555 -.00000238  00000-0  00000+0 0  9998
2 40941   0.0252 298.4425 0002118 355.7380  65.7762  1.00270274  4792
MORELOS 3               
1 40946U 15056A   17013.91617783 -.00000054  00000-0  00000+0 0  9993
2 40946   6.6148 330.1412 0003479 357.1530   2.9920  1.00272327  4786
APSTAR 9                
1 40982U 15059A   17013.29169896 -.00000281  00000-0  00000+0 0  9996
2 40982   0.0183 285.3191 0002381 341.8680  92.7856  1.00270786  4642
TURKSAT 4B              
1 40984U 15060A   17013.54652207  .00000100  00000-0  00000+0 0  9990
2 40984   0.0356 284.3463 0002523   8.4852  67.1166  1.00268095  4608
CHINASAT 2C (ZX 2C)     
1 41021U 15063A   17013.82895409 -.00000339  00000-0  00000+0 0  9995
2 41021   0.0530 230.7842 0003636 109.6049 174.9205  1.00270414  4507
GSAT-15                 
1 41028U 15065A   17012.65190752  .00000000  00000-0  10000-3 0  9992
2 41028   0.0703  94.2463 0002626 164.8469 181.2943  1.00263575  4156
BADR-7 (ARABSAT-6B)     
1 41029U 15065B   17012.61565497  .00000130  00000-0  00000-0 0  9991
2 41029   0.0585 245.5303 0005147  11.8761 102.5128  1.00274610  4227
LAOSAT 1                
1 41034U 15067A   17013.32913013 -.00000358  00000-0  00000+0 0  9991
2 41034   0.0479 232.9651 0001643  23.8174 103.1743  1.00269541  4338
TELSTAR 12V             
1 41036U 15068A   17013.72663817 -.00000135  00000-0  00000+0 0  9995
2 41036   0.0147  64.3064 0003031 236.0677  59.5704  1.00271645  4223
CHINASAT 1C (ZX 1C)     
1 41103U 15073A   17012.83294356 -.00000165  00000-0  00000+0 0  9998
2 41103   0.0510 195.8948 0004314  87.8084 210.2169  1.00270589  4151
ELEKTRO-L 2             
1 41105U 15074A   17012.67677962 -.00000109  00000-0  00000+0 0  9999
2 41105   0.0133 231.6502 0000256 149.5615  50.6668  1.00270011  4000
COSMOS 2513             
1 41121U 15075A   17013.91491150 -.00000153  00000-0  00000+0 0  9998
2 41121   0.0811  88.9540 0003022 212.9900 221.2076  1.00270641  4099
EXPRESS-AMU1            
1 41191U 15082A   17012.69646281  .00000141  00000-0  00000+0 0  9990
2 41191   0.0242  24.6901 0001635 218.6564 155.8559  1.00274821  3999
GAOFEN 4                
1 41194U 15083A   17013.51340190 -.00000350  00000-0  00000+0 0  9999
2 41194   0.0271 136.2177 0002532 134.2476 133.2295  1.00270309  3984
BELINTERSAT-1           
1 41238U 16001A   17010.96645436  .00000096  00000-0  10000-3 0  9997
2 41238   0.0201  52.5158 0001718 199.8941 257.6381  1.00270197  3740
IRNSS-1E                
1 41241U 16003A   17013.70052423 -.00000310  00000-0  00000+0 0  9991
2 41241  28.5429 117.3909 0020741 179.7888 180.1381  1.00271762  3692
INTELSAT 29E (IS-29E)   
1 41308U 16004A   17012.82633846 -.00000297  00000-0  00000+0 0  9996
2 41308   0.0294 284.4165 0001798  11.0734  64.4677  1.00272925  3649
EUTELSAT 9B             
1 41310U 16005A   17012.66285908  .00000047  00000-0  00000-0 0  9997
2 41310   0.0469 123.6754 0005302 179.7425  56.5077  1.00271569  3591
EUTELSAT 65 WEST A      
1 41382U 16014A   17012.86844046 -.00000291  00000-0  00000+0 0  9993
2 41382   0.0443   6.7722 0002217 294.8715  58.3108  1.00273348  3133
IRNSS-1F                
1 41384U 16015A   17013.34284143  .00000146  00000-0  00000+0 0  9994
2 41384   4.4777 268.6548 0016954 177.6855 182.5872  1.00277223  3183
BEIDOU IGSO 6           
1 41434U 16021A   17013.91669356 -.00000146  00000-0  10000-3 0  9999
2 41434  55.3331  74.1024 0028330 182.4719 281.7998  1.00263600  2985
IRNSS-1G                
1 41469U 16027A   17012.08053929  .00000000  00000-0  10000-3 0  9991
2 41469   4.5554 269.9350 0002310 339.4250  20.8612  1.00262358  2676
JCSAT 2B                
1 41471U 16028A   17013.25851294 -.00000180  00000-0  00000+0 0  9991
2 41471   0.0103  70.0417 0002883 249.2825  40.6295  1.00275405  2579
THAICOM 8               
1 41552U 16031A   17012.59505941  .00000000  00000-0  10000-3 0  9991
2 41552   0.0840  46.9025 0003632 267.8064  90.2741  1.00267371  2264
INTELSAT 31 (IS-31)     
1 41581U 16035A   17012.95116304 -.00000166  00000-0  00000+0 0  9997
2 41581   0.0082  10.6502 0002524 201.8270 147.5074  1.00271219  2191
BEIDOU G7               
1 41586U 16037A   17013.15431723 -.00000262  00000-0  00000+0 0  9999
2 41586   1.4906 311.9877 0004132 315.4638  45.4227  1.00267966  2285
BRISAT                  
1 41591U 16039A   17013.26827272 -.00000212  00000-0  00000+0 0  9992
2 41591   0.0164  32.0115 0001653 258.7303  69.2405  1.00269453  2130
ECHOSTAR 18             
1 41592U 16039B   17012.02362065  .00000000  00000-0  10000-3 0  9999
2 41592   0.0277  79.8139 0001910 186.1263 152.8605  1.00264726  2102
TIANTONG-1 1            
1 41725U 16048A   17013.92271397 -.00000327  00000-0  00000+0 0  9992
2 41725   4.7979 325.1747 0006739 351.5324 230.4220  1.00269765  1767
JCSAT-16                
1 41729U 16050A   17014.23353679 -.00000108  00000-0  00000+0 0  9995
2 41729   0.0164  19.7542 0001360 356.4079 343.8422  1.00268942  1579
INTELSAT 36 (IS-36)     
1 41747U 16053A   17013.49537157 -.00000040  00000-0  00000+0 0  9995
2 41747   0.0133  46.4786 0003306 293.4907  19.9925  1.00271551  1461
INSAT-3DR               
1 41752U 16054A   17012.48252268 -.00000090  00000-0  00000+0 0  9992
2 41752   0.0706 270.8496 0015903   4.0542  84.8911  1.00271367  1293
GSAT-18                 
1 41793U 16060A   17013.48030733 -.00000092  00000-0  00000+0 0  9998
2 41793   0.0820  91.5749 0003422 348.7249 279.7139  1.00271255  1034
SKY MUSTER 2            
1 41794U 16060B   17013.28401160 -.00000262  00000-0  00000+0 0  9992
2 41794   0.0187  30.2991 0002874 272.6957  56.9776  1.00260856  1061
SHIJIAN-17 (SJ-17)      
1 41838U 16065A   17012.86876814 -.00000098  00000-0  00000-0 0  9999
2 41838   0.9052  86.8717 0006626 339.7256 161.7793  1.00271743   711
