STARLETTE               
1 07646U 75010A   17066.22209744 -.00000149  00000-0 -34087-5 0  9999
2 07646  49.8234 160.8055 0205725  27.9682 333.2090 13.82302186125748
LAGEOS 1                
1 08820U 76039A   17065.65965552  .00000033  00000-0  00000-0 0  9991
2 08820 109.8394  98.2913 0044552 307.8464  55.1373  6.38664685696993
AJISAI (EGS)            
1 16908U 86061A   17065.87152778 -.00000104  00000-0 -47544-4 0  9994
2 16908  50.0085 129.1496 0011440 193.3769 143.1470 12.44485325 58487
LAGEOS 2                
1 22195U 92070B   17065.66198156 -.00000009  00000-0  00000-0 0  9998
2 22195  52.6432 248.8542 0137417 145.0836 194.7548  6.47294328576197
STELLA                  
1 22824U 93061B   17066.57383132 -.00000039  00000-0  24982-5 0  9992
2 22824  98.8051  22.6044 0006166 351.9448 117.9947 14.27367459221519
GRACE-1                 
1 27391U 02012A   17065.96029384  .00015973  00000-0  99745-4 0  9990
2 27391  88.9964 335.8170 0008846  87.2226 335.5931 15.76676090160292
GRACE-2                 
1 27392U 02012B   17066.26678921  .00016414  00000-0  10264-3 0  9991
2 27392  88.9978 335.8911 0008863  86.8810 273.3480 15.76645339841380
LARES                   
1 38077U 12006A   17066.42928771 -.00000022  00000-0  10000-3 0  9993
2 38077  69.4941 320.5508 0008987 344.7690  15.3064 12.54930766232007
