GOES 1 (SMS-C) [-]      
1 08366U 75100A   17066.26395419 -.00000234  00000-0  00000+0 0  9994
2 08366  12.2082 319.7296 0005174 289.6955 284.8886  1.00299923151228
GOES 2 [-]              
1 10061U 77048A   17061.84073479  .00000011  00000-0  00000+0 0  9992
2 10061  13.4207 328.7693 0017387 316.6004 206.7781  0.99397950 89785
GOES 3 [-]              
1 10953U 78062A   17066.40243785 -.00000328  00000-0  00000+0 0  9997
2 10953  13.5478 332.2646 0003877 306.2744 160.6432  0.99362473 94924
GOES 4 [-]              
1 11964U 80074A   17066.09221953 -.00000035  00000-0  00000+0 0  9999
2 11964  14.3089 336.0092 0033405   7.9201 241.0805  0.99230724 94004
GOES 5 [-]              
1 12472U 81049A   17066.40074627 -.00000297  00000-0  00000+0 0  9996
2 12472  14.4454 346.1673 0004907 260.9655 350.6576  1.00304963 88984
GOES 6 [-]              
1 14050U 83041A   17066.43530788 -.00000263  00000-0  00000+0 0  9995
2 14050  14.6489 351.0239 0002222 246.3947   3.1711  1.00305966182071
GOES 7 [-]              
1 17561U 87022A   17066.19996150 -.00000314  00000-0  00000+0 0  9997
2 17561  15.1430   6.8933 0005826 297.7402 249.3285  0.99903622 93125
GOES 8 [-]              
1 23051U 94022A   17065.77075472 -.00000287  00000-0  00000-0 0  9994
2 23051  11.2633  39.8687 0008878 246.9612 291.5534  0.98907041 90603
GOES 9 [-]              
1 23581U 95025A   17066.10710691  .00000003  00000-0  00000+0 0  9997
2 23581  10.7655  39.2434 0000497 310.9565 262.1077  0.98798899 79265
GOES 10 [-]             
1 24786U 97019A   17065.67427184 -.00000213  00000-0  00000+0 0  9997
2 24786   9.1281  43.8613 0028928 162.7520 197.4207  0.99126080 72461
GOES 11 [-]             
1 26352U 00022A   17066.54325507  .00000055  00000-0  00000+0 0  9992
2 26352   4.7502  74.9675 0004087 182.5915 162.8620  0.99039965 61435
GOES 12 [-]             
1 26871U 01031A   17065.98739514  .00000005  00000-0  00000+0 0  9998
2 26871   6.1519  60.7747 0010937 235.3560 259.8771  0.99137072 57136
GOES 13 [+]             
1 29155U 06018A   17065.74984070 -.00000277  00000-0  00000+0 0  9991
2 29155   0.3925 272.7368 0004943 126.3081 320.9620  1.00267373 39530
GOES 14 [S]             
1 35491U 09033A   17065.83147070 -.00000122  00000-0  00000+0 0  9991
2 35491   0.0599 116.7385 0006169 127.7089 115.4613  1.00272544 28178
GOES 15 [+]             
1 36411U 10008A   17065.91712584  .00000060  00000-0  00000+0 0  9995
2 36411   0.0243 194.6159 0000695 298.3288 227.0330  1.00281120 25707
GOES 16 [S]             
1 41866U 16071A   17065.79108325 -.00000210  00000-0  00000+0 0  9997
2 41866   0.0474 318.0624 0001913  42.3985 359.5113  1.00272255  1126
