INTELSAT 701 (IS-701)   
1 22871U 93066A   17066.13249438 -.00000243  00000-0  00000+0 0  9997
2 22871   4.0037  67.5561 0003924 270.1892 205.4688  1.00271756 85378
INTELSAT 26 (IS-26)     
1 24732U 97007A   17065.97201187 -.00000019  00000-0  00000+0 0  9995
2 24732   7.3031  50.7718 0003585 316.3982 211.8578  1.00272803 73291
GALAXY 25 (G-25)        
1 24812U 97026A   17064.80374880 -.00000186  00000-0  00000-0 0  9993
2 24812   0.0235 101.1280 0003454 242.9593  15.8764  1.00273195 72370
INTELSAT 5 (IS-5)       
1 24916U 97046A   17065.30742614 -.00000165  00000-0  00000+0 0  9996
2 24916   3.3462  71.6091 0003636 265.4411  94.8315  1.00272187 71621
INTELSAT 805 (IS-805)   
1 25371U 98037A   17065.58486457 -.00000058  00000-0  00000+0 0  9994
2 25371   0.0499 285.4178 0003182  61.4026 197.1988  1.00271242 68578
AFRISTAR                
1 25515U 98063A   17065.06069484  .00000101  00000-0  00000+0 0  9991
2 25515   3.1010  69.9912 0004403 283.3276 213.4958  1.00274302 67131
INTELSAT 8 (IS-8)       
1 25522U 98065A   17065.81437208 -.00000205  00000-0  00000-0 0  9994
2 25522   0.7852  87.3992 0303528 219.7885 104.7567  0.95185614 12540
GALAXY 11 (G-11)        
1 26038U 99071A   17065.82200970  .00000110  00000-0  00000+0 0  9993
2 26038   0.0366 327.6002 0001381  37.2750 140.7473  1.00271898 63105
SIRIUS-1                
1 26390U 00035A   17064.65898274  .00000054  00000-0  00000+0 0  9993
2 26390  59.5484 228.4442 0001671 122.3181 123.1491  1.57876755 61904
INTELSAT 9 (IS-9)       
1 26451U 00043A   17066.19935976 -.00000298  00000-0  00000+0 0  9993
2 26451   3.3342  71.8255 0002885 264.0226 217.9110  1.00272509 60865
INTELSAT 12 (IS-12)     
1 26590U 00068A   17066.16335920  .00000109  00000-0  00000+0 0  9994
2 26590   0.2691  94.6763 0002879 240.9508 293.2237  1.00269638 59817
INTELSAT 1R (IS-1R)     
1 26608U 00072A   17065.61995669 -.00000076  00000-0  00000+0 0  9994
2 26608   0.1065  90.8511 0001962 186.8847   5.4100  0.99985632 59667
INTELSAT 10 (IS-10)     
1 26766U 01019A   17065.94655133  .00000098  00000-0  00000-0 0  9990
2 26766   1.3035  85.6968 0003104 221.5501 245.8519  1.00274061 11655
INTELSAT 901 (IS-901)   
1 26824U 01024A   17066.12391170 -.00000169  00000-0  00000+0 0  9999
2 26824   0.0407 297.8315 0003000  54.0884 199.6926  1.00271963 57612
INTELSAT 902 (IS-902)   
1 26900U 01039A   17065.81714753  .00000005  00000-0  00000+0 0  9999
2 26900   0.0314 135.3773 0003253 230.0201 155.4856  1.00274429 56786
DIRECTV 4S              
1 26985U 01052A   17066.51082326 -.00000142  00000-0  00000+0 0  9992
2 26985   0.0055 205.9669 0002356 135.2003 266.9288  1.00272130 56018
INTELSAT 904 (IS-904)   
1 27380U 02007A   17066.61141589  .00000087  00000-0  00000+0 0  9998
2 27380   0.0160 132.6736 0000161  42.6528 265.3815  0.99989466 55114
INTELSAT 903 (IS-903)   
1 27403U 02016A   17065.80916296 -.00000265  00000-0  00000+0 0  9998
2 27403   0.0182 105.4747 0003314 234.4777  81.5392  1.00271400 54666
DIRECTV 5 (TEMPO 1)     
1 27426U 02023A   17065.84817597 -.00000083  00000-0  00000+0 0  9997
2 27426   0.0098 132.2494 0003398 210.2049  17.5060  1.00270446 54323
INTELSAT 905 (IS-905)   
1 27438U 02027A   17066.46819051 -.00000213  00000-0  00000+0 0  9995
2 27438   0.0282 246.5908 0003075  79.5103 343.2948  1.00272885 53983
GALAXY 3C (G-3C)        
1 27445U 02030A   17064.80920662 -.00000175  00000-0  00000+0 0  9991
2 27445   0.0241 265.4993 0001768  68.7180  25.7483  1.00272736 53961
INTELSAT 906 (IS-906)   
1 27513U 02041A   17065.52718816 -.00000012  00000-0  00000+0 0  9995
2 27513   0.0063 186.5903 0002910 173.4388  58.3370  1.00272789 52983
INTELSAT 907 (IS-907)   
1 27683U 03007A   17065.61931981 -.00000229  00000-0  00000+0 0  9996
2 27683   0.0155 214.8402 0003025 125.1993  19.9213  1.00271460 51406
GALAXY 12 (G-12)        
1 27715U 03013B   17066.56076041  .00000030  00000-0  00000+0 0  9990
2 27715   0.0412 269.1865 0002053  71.0443 258.0608  1.00271475 51021
GALAXY 23 (G-23)        
1 27854U 03034A   17066.52396556 -.00000016  00000-0  00000+0 0  9994
2 27854   0.0075 158.6514 0002891 191.8139 242.5826  1.00271652 54565
GALAXY 13 (HORIZONS-1)  
1 27954U 03044A   17066.17409458  .00000020  00000-0  00000+0 0  9997
2 27954   0.0259 245.9208 0001664 326.2404 248.5761  1.00270130 49171
DIRECTV 7S              
1 28238U 04016A   17065.53551983 -.00000025  00000-0  00000+0 0  9999
2 28238   0.0171 328.7491 0003124  22.6719 246.7199  1.00272056 47074
INTELSAT 10-02          
1 28358U 04022A   17065.79398778 -.00000038  00000-0  00000+0 0  9992
2 28358   0.0120 157.2078 0000820 109.6658 182.6638  1.00270740 46641
XM-3 (RHYTHM)           
1 28626U 05008A   17066.11367646 -.00000233  00000-0  00000+0 0  9999
2 28626   0.0198 330.3880 0000309 344.1864 166.2267  1.00270567 44085
SPACEWAY 1              
1 28644U 05015A   17065.59978566 -.00000128  00000-0  00000-0 0  9991
2 28644   0.0392 323.1229 0000302 355.8853 318.4827  1.00271509 12601
DIRECTV 8               
1 28659U 05019A   17065.82255642 -.00000142  00000-0  00000+0 0  9995
2 28659   0.0130 169.9141 0003570 180.6707   9.4085  1.00269705 43206
GALAXY 28 (G-28)        
1 28702U 05022A   17065.53171021 -.00000211  00000-0  00000+0 0  9991
2 28702   0.0140 112.6046 0001645 277.3896 236.8339  1.00271514 42836
GALAXY 14 (G-14)        
1 28790U 05030A   17066.17409458  .00000009  00000-0  00000+0 0  9990
2 28790   0.0415 275.3510 0002610  61.5061 125.8618  1.00271553 42325
GALAXY 15 (G-15)        
1 28884U 05041A   17066.21261373  .00000051  00000-0  00000+0 0  9990
2 28884   0.0426 279.8279 0001898  82.3902 106.4044  1.00271568 41642
SPACEWAY 2              
1 28903U 05046B   17066.44702966 -.00000155  00000-0  00000+0 0  9996
2 28903   0.0330   5.3166 0000438 272.9161 308.9582  1.00270969 41514
GALAXY 16 (G-16)        
1 29236U 06023A   17065.67050392 -.00000154  00000-0  00000+0 0  9994
2 29236   0.0355 234.8752 0002741 103.8473 328.2098  1.00272179 39270
DIRECTV 9S              
1 29494U 06043A   17065.65398531 -.00000140  00000-0  00000+0 0  9995
2 29494   0.0142 208.0683 0003574 138.6054 312.1968  1.00272177 38110
XM-4 (BLUES)            
1 29520U 06049A   17066.38877126 -.00000051  00000-0  00000+0 0  9995
2 29520   0.0285   6.9463 0000316 318.8061 224.2033  1.00272023 38015
GALAXY 17 (G-17)        
1 31307U 07016B   17066.31987392 -.00000203  00000-0  00000+0 0  9995
2 31307   0.0400 348.3122 0003523 356.0607 204.9772  1.00272478 36093
DIRECTV 10              
1 31862U 07032A   17065.82807990 -.00000130  00000-0  00000+0 0  9998
2 31862   0.0478 319.3735 0000210 306.2702  94.3259  1.00271692 35429
SPACEWAY 3              
1 32018U 07036A   17066.32356544 -.00000180  00000-0  00000+0 0  9991
2 32018   0.0137 331.4384 0000270 313.4144 261.8832  1.00272665 35144
INTELSAT 11 (IS-11)     
1 32253U 07044B   17066.19860737 -.00000297  00000-0  00000+0 0  9999
2 32253   0.0184 192.7296 0002117 149.0578 211.8067  1.00270902 34543
HORIZONS-2              
1 32388U 07063B   17066.04071519 -.00000210  00000-0  00000+0 0  9990
2 32388   0.0133 165.1413 0003585 196.4430 262.8753  1.00269470 33897
DIRECTV 11              
1 32729U 08013A   17066.33444174 -.00000154  00000-0  00000+0 0  9995
2 32729   0.0113  53.9270 0000312 268.6650 223.8298  1.00271315 32958
GALAXY 18 (G-18)        
1 32951U 08024A   17065.88390267 -.00000002  00000-0  00000+0 0  9998
2 32951   0.0112 174.4668 0003079 172.4375  13.0597  1.00273737 32101
INTELSAT 25 (IS-25)     
1 33153U 08034A   17064.63312302 -.00000248  00000-0  00000-0 0  9993
2 33153   0.0084 146.0630 0003128 175.1920  38.6976  1.00270159 31747
GALAXY 19 (G-19)        
1 33376U 08045A   17065.81188509 -.00000166  00000-0  00000+0 0  9991
2 33376   0.0059 137.4150 0003154 212.3153  10.2353  1.00270305 30857
SIRIUS FM-5             
1 35493U 09034A   17066.44340523 -.00000229  00000-0  00000+0 0  9998
2 35493   0.0240 135.2556 0000969 208.8547 254.7124  1.00268796 27998
INTELSAT 14 (IS-14)     
1 36097U 09064A   17065.66780024 -.00000300  00000-0  00000+0 0  9999
2 36097   0.0188 137.7121 0002505 204.0731  18.1782  1.00271146 26721
INTELSAT 15 (IS-15)     
1 36106U 09067A   17066.09441233 -.00000212  00000-0  00000+0 0  9999
2 36106   0.0142 162.7418 0002594 192.7882 288.6143  1.00267942 26619
DIRECTV 12              
1 36131U 09075A   17065.59978566 -.00000129  00000-0  00000-0 0  9992
2 36131   0.0385 317.7735 0000216 324.6582 355.1774  1.00272201 12611
INTELSAT 16 (IS-16)     
1 36397U 10006A   17066.27978689 -.00000313  00000-0  00000+0 0  9998
2 36397   0.0539 283.2186 0002222  53.5913 230.9854  1.00270451 25751
XM-5                    
1 37185U 10053A   17066.11367646 -.00000233  00000-0  00000+0 0  9995
2 37185   0.0259 139.4671 0000804 195.7059 145.5642  1.00269977 23464
INTELSAT 17 (IS-17)     
1 37238U 10065B   17066.05534556 -.00000029  00000-0  00000+0 0  9999
2 37238   0.0378 246.5211 0002695 109.5191 254.8209  1.00271483 22934
INTELSAT NEW DAWN       
1 37392U 11016A   17065.68798207  .00000129  00000-0  00000-0 0  9991
2 37392   0.0276 225.9897 0001016  84.4680 134.6028  1.00273358 19307
INTELSAT 18 (IS-18)     
1 37834U 11056A   17066.26147490  .00000024  00000-0  00000+0 0  9996
2 37834   0.0173 203.4472 0002083 141.0327  94.7780  1.00272927 19871
INTELSAT 22 (IS-22)     
1 38098U 12011A   17065.34340861 -.00000085  00000-0  00000+0 0  9994
2 38098   0.0251  46.9331 0001976 300.1901  12.8451  1.00272834 18064
INTELSAT 19 (IS-19)     
1 38356U 12030A   17066.08054792 -.00000085  00000-0  00000+0 0  9999
2 38356   0.0189 282.2863 0002938  71.8293   5.8523  1.00272090 17538
INTELSAT 20 (IS-20)     
1 38740U 12043A   17065.35340582 -.00000050  00000-0  00000+0 0  9996
2 38740   0.0210 137.0049 0000994  48.5563 174.4109  1.00272646 16847
INTELSAT 21 (IS-21)     
1 38749U 12045A   17065.70379153 -.00000311  00000-0  00000-0 0  9993
2 38749   0.0131 120.5520 0002177 217.6893  21.7218  1.00271162 16565
INTELSAT 23 (IS-23)     
1 38867U 12057A   17065.68990109 -.00000311  00000-0  00000-0 0  9994
2 38867   0.0425 267.0095 0001850  69.8897  23.0648  1.00273552 16011
SIRIUS FM-6             
1 39360U 13058A   17064.86763537 -.00000041  00000-0  00000+0 0  9996
2 39360   0.0214 100.2256 0000419  54.7673 204.9836  1.00270651 12357
INTELSAT 30 (IS-30)     
1 40271U 14062A   17066.14145394 -.00000179  00000-0  00000+0 0  9995
2 40271   0.0192 138.1562 0001437 342.3138   0.4203  1.00270272  8786
INTELSAT 34 (IS-34)     
1 40874U 15039A   17065.69689239 -.00000312  00000-0  00000+0 0  9998
2 40874   0.0169 170.0423 0001420  43.4791 146.4696  1.00270399  5690
INTELSAT 29E (IS-29E)   
1 41308U 16004A   17065.68166747 -.00000309  00000-0  00000+0 0  9993
2 41308   0.0408 266.6741 0001871  74.9403  18.3513  1.00270629  4176
INTELSAT 31 (IS-31)     
1 41581U 16035A   17064.80919613 -.00000176  00000-0  00000+0 0  9993
2 41581   0.0241 226.2438 0002346 343.8150 149.9023  1.00277114  2715
INTELSAT 36 (IS-36)     
1 41747U 16053A   17065.35338543 -.00000050  00000-0  00000+0 0  9996
2 41747   0.0184 126.0370 0003712 219.2640  14.6882  1.00270116  1989
INTELSAT 33E (IS-33E)   
1 41748U 16053B   17065.37694691  .00000023  00000-0  00000+0 0  9997
2 41748   0.0176 122.1961 0001663 209.7505  28.0176  1.00271133  2224
