IRIDIUM 106 [+]         
1 41917U 17003A   17066.50829943 -.00000043  00000-0 -22277-4 0  9996
2 41917  86.3963  64.5236 0001873 115.7122 244.4264 14.34216247  7505
IRIDIUM 103 [+]         
1 41918U 17003B   17066.35608919  .00000151  00000-0  46711-4 0  9995
2 41918  86.3925  64.5342 0001918  68.2364 291.9041 14.34219005  7518
IRIDIUM 109 [+]         
1 41919U 17003C   17066.43220182  .00000106  00000-0  30921-4 0  9993
2 41919  86.3930  64.5046 0002296  83.0431 277.1034 14.34218206  7505
IRIDIUM 102 [+]         
1 41920U 17003D   17066.47125187  .00000113  00000-0  20435-4 0  9995
2 41920  86.5188  64.4876 0002521 120.1840 239.9628 14.56678724  7562
IRIDIUM 105 [+]         
1 41921U 17003E   17066.49892322  .00000461  00000-0  51699-4 0  9992
2 41921  86.6646  64.4566 0013817  66.9159 293.3541 14.84255405  7677
IRIDIUM 104 [+]         
1 41922U 17003F   17066.76201516  .00000081  00000-0  21982-4 0  9992
2 41922  86.3938  64.3552 0001589 102.5133 257.6241 14.34218325  7603
IRIDIUM 114 [+]         
1 41923U 17003G   17066.48928493 -.00000086  00000-0 -37884-4 0  9997
2 41923  86.3940  64.4617 0002343  96.4782 263.6689 14.34215855  7563
IRIDIUM 108 [+]         
1 41924U 17003H   17066.42572049  .00000431  00000-0  48048-4 0  9990
2 41924  86.6617  64.4493 0013850  64.7316 295.5364 14.84299550  7659
IRIDIUM 112 [+]         
1 41925U 17003J   17066.75936000  .00000072  00000-0  15813-4 0  9993
2 41925  86.4399  64.3537 0003388  74.0331 286.1243 14.42181253  7633
IRIDIUM 111 [+]         
1 41926U 17003K   17066.74711077  .00000091  00000-0  15825-4 0  9992
2 41926  86.5182  64.3569 0002726  97.1807 262.9711 14.55896517  7631
