O3B FM5                 
1 39188U 13031A   17066.35956260 -.00000030  00000-0  00000+0 0  9996
2 39188   0.0328  26.8515 0006313  25.4315 307.7683  5.00115856 67574
O3B FM4                 
1 39189U 13031B   17065.85172831 -.00000029  00000-0  00000-0 0  9994
2 39189   0.0531   0.5062 0005769 296.7267  62.7028  5.00115713 67584
O3B FM2                 
1 39190U 13031C   17065.42691283 -.00000028  00000-0  00000-0 0  9995
2 39190   0.0580   2.0025 0006313 291.4302  66.4956  5.00115585 67537
O3B PFM                 
1 39191U 13031D   17065.45033132 -.00000028  00000-0  00000-0 0  9992
2 39191   0.0371  14.8536 0004455 326.1522  18.9722  5.00115823 67537
O3B FM3                 
1 40079U 14038A   17066.36169250 -.00000030  00000-0  00000+0 0  9991
2 40079   0.0463   7.4384 0003495  21.4430 331.1321  5.00115946 48564
O3B FM7                 
1 40080U 14038B   17065.51675711 -.00000028  00000-0  00000-0 0  9991
2 40080   0.0471   4.7303 0002593 354.3716   0.8922  5.00116827 48420
O3B FM6                 
1 40081U 14038C   17065.33953136 -.00000028  00000-0  00000-0 0  9992
2 40081   0.0466   6.1798 0002729   1.7896 352.0296  5.00115051 48392
O3B FM8                 
1 40082U 14038D   17065.38438104 -.00000028  00000-0  00000-0 0  9991
2 40082   0.0488   3.2137 0003842 344.2258  12.5456  5.00115093 48501
O3B FM10                
1 40348U 14083A   17064.20722264 -.00000025  00000-0  00000-0 0  9996
2 40348   0.0417  12.6979 0001550 323.0520  24.2381  5.00115825 40419
O3B FM11                
1 40349U 14083B   17065.42833939 -.00000028  00000-0  00000+0 0  9996
2 40349   0.0395  13.2966 0002110 318.0647  28.6217  5.00115703 40472
O3B FM12                
1 40350U 14083C   17065.29537377 -.00000028  00000-0  00000+0 0  9990
2 40350   0.0399  11.9182 0002597 327.6824  20.3837  5.00115456 40466
O3B FM9                 
1 40351U 14083D   17065.47278801 -.00000028  00000-0  00000-0 0  9996
2 40351   0.0396  14.9688 0001958 327.5640  17.4550  5.00115604 40490
