CALSPHERE 1             
1 00900U 64063C   17066.52485799  .00000300  00000-0  31444-3 0  9999
2 00900  90.1459   9.9316 0029044  58.4237 301.9756 13.72873304606062
CALSPHERE 2             
1 00902U 64063E   17065.78663865  .00000035  00000-0  39175-4 0  9995
2 00902  90.1522  12.2431 0017931 352.4387  38.3144 13.52644980398047
LCS 1                   
1 01361U 65034C   17065.81856594  .00000022  00000-0  18420-2 0  9995
2 01361  32.1425 304.5008 0007623 127.5557 232.5633  9.89290987874228
TEMPSAT 1               
1 01512U 65065E   17065.90529010  .00000031  00000-0  41556-4 0  9995
2 01512  89.8151 244.0290 0071285  46.3473  86.2204 13.33400733508365
CALSPHERE 4(A)          
1 01520U 65065H   17066.21545024  .00000051  00000-0  83727-4 0  9990
2 01520  90.0855 121.8969 0067260 301.4123 143.9795 13.35726254510640
OPS 5712 (P/L 160)      
1 02826U 67053A   17065.87122782  .00000618  00000-0  18360-3 0  9991
2 02826  69.9281 121.1846 0007802 207.7052 152.3666 14.47762052573875
OPS 5712 (P/L 153)      
1 02874U 67053H   17065.81386649 -.00000029  00000-0  17761-4 0  9994
2 02874  69.9742 175.6818 0010280 272.4366  87.5562 13.96283958534073
SURCAL 150B             
1 02909U 67053J   17065.88766463  .00001188  00000-0  26126-3 0  9996
2 02909  69.9485 198.4772 0006791 262.5619  97.4748 14.59965937581826
RIGIDSPHERE 2 (LCS 4)   
1 05398U 71067E   17066.53436886  .00000218  00000-0  70961-4 0  9997
2 05398  87.6297 194.3723 0061648 260.7985  98.6235 14.33548307388221
