RADUGA 1 [-]            
1 08513U 75123A   17063.76020140 -.00000147  00000-0  00000-0 0  9995
2 08513  10.6783 313.4443 0005850 186.9798  14.2883  1.00296169160807
RADUGA 2 [-]            
1 09416U 76092A   17065.88289760 -.00000199  00000-0  00000+0 0  9990
2 09416  11.2849 315.2846 0029089 298.3257 313.4491  1.00256735 95356
RADUGA 3 [-]            
1 10159U 77071A   17065.86899274 -.00000275  00000-0  00000+0 0  9994
2 10159  11.8312 317.5527 0008547 206.1903  44.5860  1.00348770143060
RADUGA 4 [-]            
1 10987U 78073A   17062.61719038 -.00000241  00000-0  00000+0 0  9998
2 10987  12.3531 320.4483 0012386 296.7595 217.4083  1.00202167 85578
RADUGA 5 [-]            
1 11343U 79035A   17062.11324959 -.00000035  00000-0  00000+0 0  9994
2 11343  12.7228 322.7049 0000427  95.7821 210.7162  1.00255592 95291
RADUGA 6 [-]            
1 11708U 80016A   17066.03331272 -.00000041  00000-0  00000+0 0  9998
2 11708  12.9650 325.1169 0003549 245.4399  34.6516  1.00202196 88176
RADUGA 7 [-]            
1 12003U 80081A   17065.52829758  .00000072  00000-0  00000-0 0  9997
2 12003  13.0755 326.7411 0012048 238.7536 338.9659  1.00307173 89318
RADUGA 8 [-]            
1 12351U 81027A   17065.95475288  .00000114  00000-0  00000-0 0  9993
2 12351  13.3712 327.5307 0084589 174.0364  34.0951  1.00383927 88525
RADUGA 9 [-]            
1 12618U 81069A   17065.93815639  .00000104  00000-0  00000-0 0  9990
2 12618  13.4744 329.7013 0001713 322.7954 254.0666  1.00221942 13354
RADUGA 10 [-]           
1 12897U 81102A   17065.52176624 -.00000122  00000-0  00000-0 0  9997
2 12897  13.5203 330.4437 0002828 179.2499 278.4227  1.00248460 83354
RADUGA 11 [-]           
1 13669U 82113A   17065.57169667 -.00000149  00000-0  00000+0 0  9990
2 13669  14.9512 341.3864 0041436 206.0025  21.3946  0.97709058 88412
RADUGA 12 [-]           
1 13974U 83028A   17065.88289736 -.00000210  00000-0  00000+0 0  9998
2 13974  14.1696 338.7721 0003327 300.4711 287.5034  1.00283036135398
RADUGA 13 [-]           
1 14307U 83088A   17065.55631142 -.00000187  00000-0  00000+0 0  9994
2 14307  15.0768 343.0983 0017366 338.0464 230.1151  0.98175233 85661
RADUGA 14 [-]           
1 14725U 84016A   17065.86923208 -.00000054  00000-0  00000+0 0  9994
2 14725  14.1639 341.8415 0000784 297.0574 266.8671  1.00251289 84099
RADUGA 15 [-]           
1 15057U 84063A   17065.89603740 -.00000368  00000-0  00000-0 0  9993
2 15057  14.2224 342.8043 0001176 183.7268  90.3638  1.00264139107114
RADUGA 16 [-]           
1 15946U 85070A   17065.12916569 -.00000267  00000-0  00000-0 0  9999
2 15946  14.3878 346.9821 0003852 255.9906 294.3084  1.00249834 88237
RADUGA 17 [-]           
1 16250U 85107A   17065.15294543  .00000077  00000-0  00000+0 0  9990
2 16250  14.4251 348.1610 0010053 152.2173 100.8525  1.00160821117847
RADUGA 18 [-]           
1 16497U 86007A   17065.33056334 -.00000102  00000-0  00000-0 0  9998
2 16497  15.0873 350.4224 0070167 114.1831 100.5798  0.98811267112368
RADUGA 19 [-]           
1 17046U 86082A   17066.18403994 -.00000020  00000-0  00000+0 0  9992
2 17046  15.2414 353.8775 0007228 107.9534  17.2516  0.98458873109580
RADUGA 20 [-]           
1 17611U 87028A   17065.49767433 -.00000101  00000-0  00000-0 0  9996
2 17611  17.0279 357.4031 0022799  87.6245 143.1252  0.95961883105786
RADUGA 21 [-]           
1 18631U 87100A   17065.63634153 -.00000130  00000-0  00000+0 0  9999
2 18631  15.1862 355.7634 0002545 249.6860  41.1361  1.00362560107094
RADUGA 22 [-]           
1 19596U 88095A   17066.10505404  .00000080  00000-0  00000+0 0  9996
2 19596  14.8539 359.3690 0001685 136.6697  89.0176  1.00221529 87711
RADUGA 23 [-]           
1 19928U 89030A   17065.09254853  .00000105  00000-0  00000+0 0  9999
2 19928  14.8589   1.0449 0016718 118.1429 107.5007  1.00256420100857
RADUGA-1 1 [-]          
1 20083U 89048A   17064.63587479 -.00000270  00000-0  00000-0 0  9999
2 20083  15.4031   3.6216 0015744  60.3365 131.7073  0.98710858 97803
RADUGA 24 [-]           
1 20367U 89098A   17065.78759869 -.00000317  00000-0  00000+0 0  9991
2 20367  15.2391   3.6141 0004377 239.3563 301.3106  1.00319862 99044
RADUGA 25 [-]           
1 20499U 90016A   17066.40537065 -.00000093  00000-0  00000+0 0  9992
2 20499  14.9668   4.0094 0002833 250.3792 303.2654  1.00379357 98961
RADUGA 26 [-]           
1 21016U 90112A   17065.85951115 -.00000252  00000-0  00000+0 0  9996
2 21016  15.0062   7.1287 0003242 339.2519 217.4461  1.00235977 96255
RADUGA-1 2 [-]          
1 21038U 90116A   17065.87138376 -.00000341  00000-0  00000+0 0  9991
2 21038  15.0383   7.2431 0002958  15.0574 197.0522  1.00275430 95922
RADUGA 27 [-]           
1 21132U 91014A   17066.15835208  .00000099  00000-0  00000+0 0  9993
2 21132  15.5597   7.4661 0002695 286.8985 314.0532  1.00319187 95311
RADUGA 28 [-]           
1 21821U 91087A   17064.74489519 -.00000390  00000-0  00000-0 0  9997
2 21821  15.0358  10.5546 0001406  65.4972 112.8067  1.00291871 92323
RADUGA 29 [-]           
1 22557U 93013A   17065.89603740 -.00000363  00000-0  00000-0 0  9996
2 22557  14.8802  14.6489 0001063 328.7881 274.1217  1.00307659 87690
RADUGA 30 [-]           
1 22836U 93062A   17064.90932236 -.00000078  00000-0  00000-0 0  9999
2 22836  14.7583  16.4535 0006567 247.1455 297.5292  1.00279932 12009
RADUGA-1 3 [-]          
1 22981U 94008A   17065.95432073  .00000055  00000-0  00000-0 0  9995
2 22981  14.7350  17.6462 0002440 257.1899 285.5701  1.00299856 84494
RADUGA 31 [-]           
1 23010U 94012A   17065.85652413 -.00000130  00000-0  00000-0 0  9990
2 23010  14.7021  17.6066 0001567 291.7937 240.6825  1.00205394 84368
RADUGA 32 [-]           
1 23448U 94087A   17064.90885958 -.00000082  00000-0  00000-0 0  9990
2 23448  14.4585  20.1537 0008449 204.0423 337.2023  1.00277418 98881
RADUGA-1 4 [-]          
1 25642U 99010A   17065.97201187 -.00000011  00000-0  00000+0 0  9994
2 25642  13.9993  32.4236 0006237 213.5960 332.9334  1.00193304 65985
RADUGA-1 5 [-]          
1 26477U 00049A   17065.92456619 -.00000343  00000-0  00000-0 0  9991
2 26477  11.6614  34.5360 0002660 271.8770 293.2920  1.00241659 60432
RADUGA-1 6 [-]          
1 26936U 01045A   17065.09270723 -.00000129  00000-0  00000-0 0  9998
2 26936  11.3063  39.8498 0015275 133.4282  51.7690  0.97744772 55461
RADUGA-1 7 [-]          
1 28194U 04010A   17065.84978703 -.00000362  00000-0  00000-0 0  9996
2 28194   9.5588  47.1329 0004278 195.3420 335.5444  1.00191479 47429
RADUGA-1M 1 [-]         
1 32373U 07058A   17065.89716814 -.00000339  00000-0  00000-0 0  9997
2 32373   2.8790  73.9680 0004010 232.1481 327.1704  0.99401448 18704
RADUGA-1 8 [-]          
1 34264U 09010A   17066.12852209 -.00000258  00000-0  00000+0 0  9993
2 34264   5.5439  69.2752 0010424 293.9163 184.4861  0.99830524 29331
RADUGA-1M 2 [+]         
1 36358U 10002A   17066.17612331 -.00000211  00000-0  00000+0 0  9996
2 36358   0.0287 238.5789 0000923 136.7488 298.1196  1.00271348 26029
RADUGA-1M 3 [+]         
1 39375U 13062A   17065.79331700 -.00000066  00000-0  00000-0 0  9991
2 39375   0.0142 192.3667 0001498 139.9942 187.9364  1.00273051 12144
