SCD 1                   
1 22490U 93009B   17066.55143588  .00000239  00000-0  15948-4 0  9992
2 22490  24.9691 209.7035 0043039 342.3055  88.6250 14.44476686270892
TECHSAT 1B (GO-32)      
1 25397U 98043D   17066.42464432 -.00000002  00000-0  17876-4 0  9995
2 25397  98.6001  10.9614 0000620   0.0536   0.0642 14.23616444969310
SCD 2                   
1 25504U 98060A   17066.19875861  .00000241  00000-0  17366-4 0  9998
2 25504  24.9963  54.3801 0017286  14.9160  80.8912 14.43998391970181
LANDSAT 7               
1 25682U 99020A   17066.21989993  .00000039  00000-0  18765-4 0  9996
2 25682  98.2196 138.7489 0000837  70.2703 289.8586 14.57104853951747
DLR-TUBSAT              
1 25757U 99029B   17066.53625421 -.00000022  00000-0  59527-5 0  9991
2 25757  98.4175 338.3665 0012950 249.7102 110.2703 14.51352966941727
QUIKSCAT                
1 25789U 99034A   17066.46337078  .00000004  00000-0  19436-4 0  9995
2 25789  98.6060 256.6787 0000998  42.8233 317.3025 14.27270911922683
TERRA                   
1 25994U 99068A   17066.23055155 -.00000020  00000-0  55143-5 0  9993
2 25994  98.2145 142.6889 0001291  73.1992 286.9356 14.57107200915823
EO-1                    
1 26619U 00075A   17066.51351061  .00000582  00000-0  11850-3 0  9991
2 26619  97.8467 100.4813 0010999  71.1341 289.1091 14.64368552868656
MAROC-TUBSAT            
1 27004U 01056D   17066.21377698 -.00000024  00000-0  21904-4 0  9995
2 27004  99.3377 208.9737 0019097 240.2206 241.8986 13.70120960762081
AQUA                    
1 27424U 02022A   17065.92049521  .00000175  00000-0  48881-4 0  9992
2 27424  98.2200   8.7531 0002114  75.5124 356.6408 14.57102704789331
IRS-P6 (RESOURCESAT-1)  
1 28051U 03046A   17066.50109267  .00000030  00000-0  33237-4 0  9994
2 28051  98.6324 144.4449 0002583 267.4037  92.6842 14.21660645694833
TANSUO 1 (TS 1)         
1 28220U 04012A   17065.91605345  .00000094  00000-0  12586-4 0  9992
2 28220  97.6861  23.3198 0010682 119.8006 240.4280 14.99081113700971
FORMOSAT-2 (ROCSAT 2)   
1 28254U 04018A   17066.52775347  .00000106  00000-0  10000-3 0  9995
2 28254  98.8730 129.1784 0002590  48.7667  75.4637 14.00618404654368
AURA                    
1 28376U 04026A   17065.91233378  .00000175  00000-0  48870-4 0  9997
2 28376  98.2208  10.9210 0001467  70.4893 289.6464 14.57107985672381
IRS-P5 (CARTOSAT-1)     
1 28649U 05017A   17066.50609159 -.00000161  00000-0 -13136-4 0  9995
2 28649  97.8694 142.4637 0003190  41.5492 318.5974 14.83452682640908
SINAH 1                 
1 28893U 05043D   17066.07071962  .00000058  00000-0  20564-4 0  9998
2 28893  97.8606 229.1441 0016546 113.4682 246.8261 14.61421719605532
EROS B                  
1 29079U 06014A   17066.52206285  .00006909  00000-0  23785-3 0  9990
2 29079  97.3390 187.9885 0005764  82.0500 342.7631 15.30346726602790
RESURS-DK 1             
1 29228U 06021A   17066.49026192  .00000246  00000-0  26102-4 0  9992
2 29228  69.9373 356.8061 0003534 180.3993 179.7166 15.02104834592831
ARIRANG-2 (KOMPSAT-2)   
1 29268U 06031A   17066.49544751  .00000139  00000-0  36964-4 0  9991
2 29268  98.1105 327.6098 0017527 328.9080  31.1083 14.62251694566137
LAPAN-TUBSAT            
1 29709U 07001A   17066.51523522  .00000141  00000-0  24065-4 0  9997
2 29709  97.6920  45.1735 0014558  66.5555 293.7194 14.82036651548921
CARTOSAT-2 (IRS-P7)     
1 29710U 07001B   17066.48123888  .00000406  00000-0  62369-4 0  9999
2 29710  97.9380 128.9837 0002597  98.8407 261.3102 14.78662225548166
HAIYANG-1B              
1 31113U 07010A   17066.48632046 -.00000002  00000-0  15829-4 0  9992
2 31113  98.5723 123.1441 0014588 140.1273 220.0986 14.30163084516936
COSMO-SKYMED 1          
1 31598U 07023A   17066.50287831  .00000132  00000-0  23137-4 0  9998
2 31598  97.8783 251.7556 0001308  87.6970 272.4395 14.82160381527381
TERRASAR-X              
1 31698U 07026A   17065.87369648  .00000364  00000-0  20552-4 0  9993
2 31698  97.4468  74.9856 0001811  92.7919 267.3522 15.19144481184215
WORLDVIEW-1 (WV-1)      
1 32060U 07041A   17066.52735574  .00002257  00000-0  94718-4 0  9990
2 32060  97.3868 187.9761 0001321  96.5444 325.5728 15.24504531526760
YAOGAN 3                
1 32289U 07055A   17066.47758171 -.00000216  00000-0 -21191-4 0  9990
2 32289  97.9983  68.6825 0001210  69.9556 290.1784 14.80788599503682
COSMO-SKYMED 2          
1 32376U 07059A   17066.46912531 -.00000093  00000-0 -51910-5 0  9998
2 32376  97.8784 251.7231 0001563  84.3112 275.8306 14.82156592500123
RADARSAT-2              
1 32382U 07061A   17066.45249242 -.00000010  00000-0  13099-4 0  9992
2 32382  98.5769  75.5306 0001241  72.7062  88.6761 14.29984161481758
CARTOSAT-2A             
1 32783U 08021A   17066.45852217 -.00000118  00000-0 -90237-5 0  9996
2 32783  97.9392 129.0220 0011753 289.2694  70.7256 14.78685032478108
JASON 2 (OSTM)          
1 33105U 08032A   17065.95090337 -.00000064  00000-0 -14393-4 0  9996
2 33105  66.0438 333.9793 0007788 275.0611 187.7289 12.80931195407440
RAPIDEYE 2              
1 33312U 08040A   17066.51608042  .00000102  00000-0  20256-4 0  9992
2 33312  97.8235 150.1396 0012337 328.9517  31.0965 14.79896991460337
RAPIDEYE 5              
1 33313U 08040B   17066.53885184  .00000157  00000-0  27600-4 0  9999
2 33313  97.8371 147.9755 0015886 192.2165 167.8664 14.79892441460289
RAPIDEYE 1              
1 33314U 08040C   17066.52744877  .00000131  00000-0  24202-4 0  9999
2 33314  97.8261 149.7465 0024176 338.8401  21.1815 14.79897758460320
RAPIDEYE 3              
1 33315U 08040D   17066.49638837  .00000096  00000-0  19459-4 0  9992
2 33315  97.8397 147.5664 0010683 276.9314  83.0681 14.79899740460287
RAPIDEYE 4              
1 33316U 08040E   17066.48285541  .00000137  00000-0  24958-4 0  9998
2 33316  97.8437 147.0783 0009893 213.1860 146.8733 14.79894994460271
HUANJING 1A (HJ-1A)     
1 33320U 08041A   17066.47676368  .00000224  00000-0  39163-4 0  9995
2 33320  97.9478 132.8650 0026330 356.7582   3.3455 14.76744948457776
HUANJING 1B (HJ-1B)     
1 33321U 08041B   17066.48805721  .00000253  00000-0  43083-4 0  9992
2 33321  97.9522 134.0097 0035228  11.9956 348.2088 14.76818089457767
GEOEYE 1                
1 33331U 08042A   17066.29670669 -.00000039  00000-0  15822-5 0  9998
2 33331  98.1168 142.9751 0008904 222.4874 137.5635 14.64130048454191
THEOS                   
1 33396U 08049A   17066.49706207  .00000169  00000-0  10000-3 0  9990
2 33396  98.6881 135.5957 0001252  84.4373  38.7854 14.20049782437040
COSMO-SKYMED 3          
1 33412U 08054A   17066.52395838 -.00000208  00000-0 -19593-4 0  9996
2 33412  97.8783 251.7769 0001478  83.3384 276.8028 14.82159430452598
YAOGAN 4                
1 33446U 08061A   17066.46655751  .00000153  00000-0  28677-4 0  9997
2 33446  97.5917  69.5135 0014409 273.3882  86.5680 14.76602633445015
GOSAT (IBUKI)           
1 33492U 09002A   17066.43334761 -.00000094  00000-0 -80229-5 0  9994
2 33492  98.1113 178.9809 0001148  87.3554 272.7788 14.67525169434901
YAOGAN 6                
1 34839U 09021A   17066.46930558  .00000912  00000-0  38437-4 0  9990
2 34839  97.1587 121.5020 0027905 324.7997  35.1398 15.25469075437086
DEIMOS-1                
1 35681U 09041A   17066.55395499  .00000202  00000-0  40281-4 0  9999
2 35681  97.9647 321.0769 0000666  13.9689 346.1545 14.71642069408199
DUBAISAT-1              
1 35682U 09041B   17066.56514291  .00000167  00000-0  36725-4 0  9992
2 35682  97.8128 291.7052 0012877 114.7802 245.4773 14.68553871407297
OCEANSAT 2              
1 35931U 09051A   17065.89030017  .00000121  00000-0  41841-4 0  9999
2 35931  98.3078 161.7601 0003413 128.2298 231.9204 14.50849256394521
WORLDVIEW-2 (WV-2)      
1 35946U 09055A   17066.19892100 -.00003553  00000-0 -11675-2 0  9996
2 35946  98.5094 143.4886 0001458  18.7296 341.4231 14.37717322388856
SMOS                    
1 36036U 09059A   17066.13537942  .00000056  00000-0  31812-4 0  9995
2 36036  98.4444 255.2815 0001125 100.7040 259.4275 14.39756900385927
YAOGAN 7                
1 36110U 09069A   17066.51048524 -.00000243  00000-0 -27814-4 0  9991
2 36110  98.1982 223.9227 0025832  79.3631 281.0496 14.75141940389899
TANDEM-X                
1 36605U 10030A   17065.87369547  .00000206  00000-0  12988-4 0  9992
2 36605  97.4468  74.9889 0001395  96.9875 263.1518 15.19144553184217
CARTOSAT 2B             
1 36795U 10035A   17066.42815403  .00000161  00000-0  29026-4 0  9997
2 36795  97.9369 128.8683 0014629   6.1620 353.9768 14.78687224359140
YAOGAN 10               
1 36834U 10038A   17066.50109301  .00000156  00000-0  26957-4 0  9990
2 36834  97.9286  64.0455 0001111  64.0506 296.0825 14.80800862355435
COSMO-SKYMED 4          
1 37216U 10060A   17066.48599340  .00000079  00000-0  16511-4 0  9992
2 37216  97.8777 251.7398 0001453  75.3598 284.7784 14.82162585342675
HAIYANG 2A              
1 37781U 11043A   17066.41024433 -.00000554  00000-0 -50206-3 0  9998
2 37781  99.3351  79.1452 0000277  80.4694 279.6482 13.78715696279956
RASAT                   
1 37791U 11044D   17066.47169980  .00000074  00000-0  22974-4 0  9990
2 37791  98.1356 159.5452 0023381  81.4943 278.8907 14.64587654296882
MEGHA-TROPIQUES         
1 37838U 11058A   17065.33724475  .00000307  00000-0  24497-4 0  9998
2 37838  19.9785  47.0512 0009642  15.6599 344.4102 14.09700093278575
SRMSAT                  
1 37841U 11058D   17066.28666417  .00000299  00000-0  19316-4 0  9992
2 37841  19.9731  27.9298 0011891  42.9428 104.4898 14.10566170278889
YAOGAN 13               
1 37941U 11072A   17066.49041442  .00001806  00000-0  92003-4 0  9996
2 37941  97.4820 355.5513 0000861  56.7238  53.7951 15.18051749292238
PLEIADES 1A             
1 38012U 11076F   17066.46944249 -.00001472  00000-0 -30698-3 0  9996
2 38012  98.1879 142.9545 0001056  85.2153 274.9167 14.58537130278037
ZIYUAN 1-02C (ZY 1-02C) 
1 38038U 11079A   17066.50394813 -.00000672  00000-0 -21933-3 0  9991
2 38038  98.3552 133.7011 0001683  76.9269 283.2111 14.35433444272913
ZIYUAN 3 (ZY 3)         
1 38046U 12001A   17066.50645499  .00001355  00000-0  63317-4 0  9995
2 38046  97.2962 135.9980 0001783  45.2047  79.4219 15.21431746286499
RISAT 1                 
1 38248U 12017A   17066.51737325  .00000792  00000-0  54173-4 0  9991
2 38248  97.5749  75.4831 0005560  42.9021 108.5479 15.08959069267900
ARIRANG-3 (KOMPSAT-3)   
1 38338U 12025B   17066.53988333  .00000129  00000-0  35392-4 0  9995
2 38338  98.1303   6.3353 0009066 294.8562  65.1687 14.61548058256332
KANOPUS-V 1             
1 38707U 12039A   17066.52656429  .00000715  00000-0  36270-4 0  9994
2 38707  97.4532 345.7686 0002074  82.0613  33.6616 15.20106530256617
EXACTVIEW-1 (ADS-1B)    
1 38709U 12039C   17066.38090842 -.00000003  00000-0  19434-4 0  9995
2 38709  99.0864  39.4067 0010623 178.7990 181.3216 14.23923314240344
SPOT 6                  
1 38755U 12047A   17066.48449135  .00000049  00000-0  20350-4 0  9997
2 38755  98.1507 135.1046 0001576  74.0192 286.1181 14.58581835239113
PLEIADES 1B             
1 39019U 12068A   17066.50405762  .00000056  00000-0  21789-4 0  9990
2 39019  98.1736 143.0827 0001311  81.2103 278.9245 14.58560740226898
GOKTURK 2               
1 39030U 12073A   17066.47281031  .00000101  00000-0  23597-4 0  9996
2 39030  98.0066 320.8663 0002614  55.9893 304.1561 14.72626491225580
LANDSAT 8               
1 39084U 13008A   17065.84060805  .00000067  00000-0  24901-4 0  9999
2 39084  98.1921 137.7928 0001318  98.4184 261.7164 14.57121542216154
SARAL                   
1 39086U 13009A   17066.15846202  .00000008  00000-0  19111-4 0  9992
2 39086  98.5399 255.3522 0001447 138.4585 221.6708 14.31995221210506
GAOFEN 1                
1 39150U 13018A   17066.52999067  .00000119  00000-0  24462-4 0  9991
2 39150  97.9560 151.7745 0019641  27.3664 332.8577 14.76501562208243
VNREDSAT 1              
1 39160U 13021B   17066.48809910  .00000128  00000-0  33980-4 0  9993
2 39160  98.0899 144.3097 0001444  78.3574 281.7791 14.62973014204737
ARIRANG-5 (KOMPSAT-5)   
1 39227U 13042A   17066.50635067  .00000327  00000-0  27634-4 0  9993
2 39227  97.6066 253.0627 0002521  89.1005 326.4799 15.04521802194403
YAOGAN 18               
1 39363U 13059A   17066.49111294  .00001739  00000-0  88928-4 0  9992
2 39363  97.4019 137.2569 0001224 116.2947 300.3613 15.17953503185894
SKYSAT-1                
1 39418U 13066C   17066.37658083  .00000800  00000-0  71854-4 0  9998
2 39418  97.7030 150.7857 0020464 265.0114  94.8769 14.98399621179834
DUBAISAT-2              
1 39419U 13066D   17066.49590696  .00000768  00000-0  78104-4 0  9995
2 39419  97.6865 141.5090 0012501 245.2831 114.7098 14.93563953179323
GPM-CORE                
1 39574U 14009C   17066.09801105  .00009170  00000-0  13530-3 0  9998
2 39574  65.0089 266.9819 0011288 287.2700  72.7211 15.55878682171649
SENTINEL-1A             
1 39634U 14016A   17066.49867168 -.00000139  00000-0 -19806-4 0  9999
2 39634  98.1816  75.5787 0001392  76.6427 283.4928 14.59197604155863
KAZEOSAT 1              
1 39731U 14024A   17066.48838018  .00000034  00000-0  23745-4 0  9996
2 39731  98.4257 146.9404 0001142  83.3310 276.8009 14.41999232150231
ALOS-2                  
1 39766U 14029A   17066.53044729  .00000423  00000-0  63487-4 0  9992
2 39766  97.9188 165.3222 0001531  89.1390 271.0001 14.79477075150576
KAZEOSAT 2              
1 40010U 14033A   17066.51893458  .00000144  00000-0  24842-4 0  9992
2 40010  97.9042 329.5431 0015454 246.2546 113.7031 14.82080126146888
HODOYOSHI-4             
1 40011U 14033B   17066.53033925  .00000240  00000-0  37862-4 0  9993
2 40011  97.8960 326.3976 0025403 240.9104 118.9550 14.80832463146714
DEIMOS-2                
1 40013U 14033D   17066.35338669  .00000345  00000-0  46890-4 0  9995
2 40013  97.8926 331.4335 0001051  28.1416 331.9839 14.84819388147093
HODOYOSHI-3             
1 40015U 14033F   17065.69593224  .00000197  00000-0  34090-4 0  9997
2 40015  97.8874 321.0707 0035785 247.6872 112.0544 14.78201699146318
SPOT 7                  
1 40053U 14034A   17066.45113882 -.00000045  00000-0  00000+0 0  9995
2 40053  98.1655 135.3847 0001125  75.3518 284.7809 14.58560294143041
SKYSAT-2                
1 40072U 14037D   17066.51550525  .00000208  00000-0  34274-4 0  9990
2 40072  98.3271 173.6710 0007097  24.6862 335.4684 14.80955055143936
WORLDVIEW-3 (WV-3)      
1 40115U 14048A   17066.43121570  .00000279  00000-0  39209-4 0  9996
2 40115  97.8755 147.8625 0000686  79.1692 280.9598 14.84785347139006
YAOGAN 21               
1 40143U 14053A   17066.48069175  .00002328  00000-0  96689-4 0  9992
2 40143  97.3205 141.8895 0010966 179.3964 307.1617 15.24767007138902
YAOGAN 22               
1 40275U 14063A   17066.51504718 -.00000044  00000-0  00000+0 0  9991
2 40275 100.3979 181.6359 0005331 304.9435  55.1179 13.15317135114275
ASNARO                  
1 40298U 14070A   17066.46927174  .00002827  00000-0  13602-3 0  9999
2 40298  97.4131 150.3065 0002079 101.3707 314.0839 15.19584427129418
HODOYOSHI-1             
1 40299U 14070B   17066.49427225  .00001707  00000-0  77530-4 0  9992
2 40299  97.4082 150.7694 0015086  88.4919   7.2722 15.22041600129471
CHUBUSAT-1              
1 40300U 14070C   17066.49650862  .00001855  00000-0  87188-4 0  9994
2 40300  97.4015 148.2389 0022490  96.6806 359.1866 15.20620594129332
QSAT-EOS                
1 40301U 14070D   17066.48179576  .00004092  00000-0  17652-3 0  9996
2 40301  97.3950 148.0206 0029760  94.6037 322.8249 15.22697004129353
TSUBAME                 
1 40302U 14070E   17066.50945688  .00002174  00000-0  11385-3 0  9991
2 40302  97.3858 141.3424 0041589 114.8200 304.3562 15.16117456128947
YAOGAN 23               
1 40305U 14071A   17066.52018191  .00001740  00000-0  88976-4 0  9996
2 40305  97.4186   6.4235 0001146  95.5791  14.7509 15.17957787128001
YAOGAN 24               
1 40310U 14072A   17066.46749754  .00000205  00000-0  36346-4 0  9991
2 40310  97.9885 187.6086 0018171  41.4209 318.8377 14.77086929123703
CBERS-4                 
1 40336U 14079A   17066.51125885  .00000004  00000-0  16357-4 0  9992
2 40336  98.4620 143.1901 0001492  67.2602 292.8742 14.35458659117828
RESURS P2               
1 40360U 14087A   17066.55139661  .00001859  00000-0  62109-4 0  9994
2 40360  97.2757 162.0232 0010722 127.1583 358.2784 15.32223137122828
YAOGAN 26               
1 40362U 14088A   17066.49872251  .00002909  00000-0  11424-3 0  9999
2 40362  97.3616 146.9073 0005502 272.1129 183.8937 15.26491131122248
SMAP                    
1 40376U 15003A   17066.44052107  .00000107  00000-0  29800-4 0  9993
2 40376  98.1236  75.6343 0001536  97.1520 262.9847 14.63377903112014
KOMPSAT 3A              
1 40536U 15014A   17066.51878315  .00001400  00000-0  85065-4 0  9990
2 40536  97.4721   8.3822 0010056 338.4986 133.8088 15.12052197107682
SENTINEL-2A             
1 40697U 15028A   17066.50113144  .00000025  00000-0  26009-4 0  9999
2 40697  98.5626 142.8997 0001251  85.2170 274.9156 14.30820314 89159
CARBONITE 1 (CBNT-1)    
1 40718U 15032D   17066.56366025  .00000135  00000-0  27847-4 0  9995
2 40718  97.9823 320.1725 0018184 102.3316 257.9937 14.74502932 89273
YAOGAN 27               
1 40878U 15040A   17066.50187463 -.00000044  00000-0  00000+0 0  9999
2 40878 100.4095 128.9746 0009089  86.2219 273.9934 13.15952939 73441
LAPAN-A2                
1 40931U 15052B   17065.97821472  .00000736  00000-0  13573-4 0  9998
2 40931   6.0008 241.5144 0013159 240.4653 119.4161 14.76514757 77832
YAOGAN 28               
1 41026U 15064A   17066.49216944  .00003083  00000-0  10778-3 0  9998
2 41026  97.2996 195.9655 0009638 332.8723  82.8441 15.30256177 74208
YAOGAN 29               
1 41038U 15069A   17066.46975451  .00000112  00000-0  21410-4 0  9994
2 41038  97.8893  50.3513 0001275  98.2999 261.8356 14.80373869 69038
KENT RIDGE 1            
1 41167U 15077B   17066.52886255  .00001315  00000-0  40979-4 0  9993
2 41167  14.9777 200.1024 0011250  29.6556  42.3250 15.08632999 67569
TELEOS 1                
1 41169U 15077D   17066.44540998  .00002173  00000-0  92538-4 0  9998
2 41169  14.9791 199.3737 0010703  28.2076  16.9476 15.09205926 67565
JASON-3                 
1 41240U 16002A   17066.19940540 -.00000040  00000-0  91057-4 0  9993
2 41240  66.0438 333.9781 0007708 275.8744  84.1392 12.80930189 53087
SENTINEL-3A             
1 41335U 16011A   17066.47070564 -.00000007  00000-0  14991-4 0  9994
2 41335  98.6203 135.3494 0001259  94.3676 265.7648 14.26737878 54850
SENTINEL-1B             
1 41456U 16025A   17066.46390047 -.00000161  00000-0 -24492-4 0  9992
2 41456  98.1817  75.3696 0001386  74.7293 285.4068 14.59197417 46025
ZIYUAN 3-2              
1 41556U 16033A   17066.49621297  .00001834  00000-0  85050-4 0  9992
2 41556  97.4708 144.1267 0001320 114.2927  12.0030 15.21333208 42780
NUSAT 1 (FRESCO)        
1 41557U 16033B   17066.49756888  .00002134  00000-0  84070-4 0  9993
2 41557  97.4702 146.0116 0014633  12.9070 347.2540 15.26629911 42911
NUSAT 2 (BATATA)        
1 41558U 16033C   17066.26011483  .00002240  00000-0  88470-4 0  9990
2 41558  97.4729 145.8105 0014098  12.6419 347.5170 15.26506317 42876
CARTOSAT-2C             
1 41599U 16040A   17066.45044491  .00001240  00000-0  61916-4 0  9994
2 41599  97.4711 129.4060 0016471  70.3920  57.7104 15.19251393 39208
SKYSAT-C1               
1 41601U 16040C   17066.22807006  .00001419  00000-0  65232-4 0  9995
2 41601  97.5345 131.0468 0002068  39.5301 320.6088 15.22037534 39233
LAPAN-A3                
1 41603U 16040E   17066.49227294  .00000633  00000-0  33201-4 0  9999
2 41603  97.4740 129.6214 0015412  70.8109  53.3606 15.19280246 39216
BIROS                   
1 41604U 16040F   17066.32028080  .00000898  00000-0  44486-4 0  9994
2 41604  97.4750 129.6502 0013949  66.1118 294.1577 15.20288606 39200
3CAT-2                  
1 41732U 16051B   17066.52939447  .00002993  00000-0  12441-3 0  9991
2 41732  97.3774 345.0446 0012226 273.0041 192.8893 15.24514470 31043
SKYSAT-C4               
1 41771U 16058B   17065.96500284  .00001459  00000-0  66679-4 0  9990
2 41771  97.4009 140.5322 0002401 120.0547 240.0934 15.22134142 26133
SKYSAT-C5               
1 41772U 16058C   17065.76597107  .00001302  00000-0  61426-4 0  9991
2 41772  97.3978 140.1869 0001140 329.6769  30.4331 15.21207043 26099
SKYSAT-C2               
1 41773U 16058D   17066.20317437  .00001531  00000-0  69851-4 0  9992
2 41773  97.4004 140.8237 0001229  38.1545 321.9773 15.22111191 26164
SKYSAT-C3               
1 41774U 16058E   17065.88692338  .00001439  00000-0  65831-4 0  9993
2 41774  97.4009 140.4853 0002315  71.7580 288.3873 15.22120879 26114
PATHFINDER 1            
1 41787U 16059E   17066.44073978  .00000147  00000-0  37554-4 0  9990
2 41787  98.1785 128.9720 0031273 117.7786 242.6601 14.63491632 23701
WORLDVIEW-4             
1 41848U 16067A   17066.23659139  .00000144  00000-0  23410-4 0  9996
2 41848  97.9562 140.5039 0002499  58.7012 301.4446 14.84707706 17132
GOKTURK 1A              
1 41875U 16073A   17065.35093423 -.00000046  00000-0  00000+0 0  9990
2 41875  98.1142 321.5977 0001362  92.1729 267.9641 14.62778320 13265
RESOURCESAT-2A          
1 41877U 16074A   17066.35713847  .00000089  00000-0  60436-4 0  9993
2 41877  98.7145 143.2199 0000860 108.7248 251.4025 14.21621855 12812
CARTOSAT-2D             
1 41948U 17008A   17066.57628286  .00001053  00000-0  55716-4 0  9993
2 41948  97.5065 128.0410 0012020 178.1759 181.9519 15.17598423  3090
INS-1A                  
1 41949U 17008B   17065.80792722  .00003455  00000-0  15798-3 0  9999
2 41949  97.5071 127.3813 0010335 178.7293 181.3957 15.21184075  2956
INS-1B                  
1 41950U 17008C   17066.39776076  .00007641  00000-0  34298-3 0  9997
2 41950  97.5081 127.9781 0009490 178.9369 181.1900 15.21428875  3052
