AOR-E (EGNOS/PRN 120)   
1 24307U 96053A   17066.30499524 -.00000152  00000-0  00000+0 0  9993
2 24307   2.4204  78.2272 0007409 257.2613 284.0050  1.00271486 75048
ARTEMIS (EGNOS/PRN 124) 
1 26863U 01029A   17066.73136157 -.00000389  00000-0  00000+0 0  9990
2 26863  12.6249  34.1106 0002937   0.4920 157.2184  1.00271773 58427
CRE (WAAS/PRN 138)      
1 28868U 05036A   17066.41572583 -.00000103  00000-0  00000+0 0  9995
2 28868   0.0175  92.5954 0002896 261.4586 213.5879  1.00271907 42174
CRW (WAAS/PRN 135)      
1 28884U 05041A   17066.21261373  .00000051  00000-0  00000+0 0  9990
2 28884   0.0426 279.8279 0001898  82.3902 106.4044  1.00271568 41642
IOR-W (EGNOS/PRN 126)   
1 28899U 05044A   17065.52718815 -.00000013  00000-0  00000+0 0  9999
2 28899   2.5533  10.3449 0003013 337.3430  70.4184  1.00272154 41514
MTSAT-2 (MSAS/PRN 137)  
1 28937U 06004A   17065.83129576 -.00000271  00000-0  00000-0 0  9990
2 28937   0.0192 122.7401 0003900 229.6696 256.5617  1.00269348 40494
AMR (WAAS/PRN 133)      
1 33278U 08039A   17066.49831828 -.00000166  00000-0  00000+0 0  9999
2 33278   3.0202   0.4292 0002696 354.0555 252.3193  1.00272930 31282
QZS-1 (QZSS/PRN 183)    
1 37158U 10045A   17064.66956338 -.00000227  00000-0  00000+0 0  9999
2 37158  40.7993 160.8335 0753335 270.1494 109.5174  1.00252055 23728
GSAT-8 (GAGAN/PRN 127)  
1 37605U 11022A   17065.59668271  .00000058  00000-0  00000+0 0  9992
2 37605   0.0152 111.7795 0006872 179.5480 143.0681  1.00271671 21257
LUCH 5A (SDCM/PRN 140)  
1 37951U 11074B   17066.60959500 -.00000074  00000-0  00000+0 0  9993
2 37951   1.5578 190.5334 0004590 146.0119 215.5424  1.00275407 19210
SES-5 (EGNOS/PRN 136)   
1 38652U 12036A   17065.79986373  .00000006  00000-0  00000+0 0  9992
2 38652   0.0431 267.2309 0002213  64.0910 126.2914  1.00272470 17085
GSAT-10 (GAGAN/PRN 128) 
1 38779U 12051B   17065.31323181 -.00000190  00000-0  00000-0 0  9995
2 38779   0.0363 251.7568 0001298 106.2874   1.9286  1.00270896 16130
LUCH 5B (SDCM/PRN 125)  
1 38977U 12061A   17065.80610310 -.00000157  00000-0  00000-0 0  9996
2 38977   3.3360  75.2702 0003746 260.4163 102.8876  1.00272488 16197
ASTRA 5B (EGNOS/PRN 123)
1 39617U 14011B   17065.96906466  .00000127  00000-0  00000+0 0  9997
2 39617   0.0734 305.8187 0002991  62.7214 176.6517  1.00273754 10886
LUCH 5V (SDCM/PRN 141)  
1 39727U 14023A   17066.22731024 -.00000296  00000-0  00000+0 0  9996
2 39727   2.9046 299.1752 0003453  48.7416 353.7459  1.00270088528547
GSAT-15 (GAGAN/PRN 139) 
1 41028U 15065A   17065.28400344 -.00000284  00000-0  00000-0 0  9991
2 41028   0.0207 227.8411 0002019  90.2199  41.8969  1.00269784  4876
