AKEBONO (EXOS-D)        
1 19822U 89016A   17066.04338547  .00025480  62550-6  51208-3 0  9992
2 19822  75.0374  47.7485 1931243 335.1193  16.7544 11.64063118897342
HST                     
1 20580U 90037B   17066.45756944  .00000743  00000-0  35038-4 0  9995
2 20580  28.4703 319.6954 0002841 156.4982 178.9015 15.08694561274906
POLAR                   
1 23802U 96013A   17064.77101368  .00000102  00000-0  00000+0 0  9997
2 23802  78.3726 272.6597 7422152 327.0910   3.5472  1.29842542100811
SWAS                    
1 25560U 98071A   17066.50408062  .00000356  00000-0  42533-4 0  9993
2 25560  69.8994 156.5736 0009522 322.6878  37.3615 14.93313921990360
ORSTED                  
1 25635U 99008B   17065.85261808  .00000104  00000-0  32796-4 0  9990
2 25635  96.4834 355.1693 0137998 213.2950 145.9512 14.47971098951145
CXO                     
1 25867U 99040B   17068.87732609  .00000421  00000-0  00000+0 0  9990
2 25867  74.5863 292.0835 6860827 254.4597   0.1087  0.37802839 15670
XMM-NEWTON              
1 25989U 99066A   17067.97216808  .00000048  00000-0  00000+0 0  9996
2 25989  68.6724   9.1420 8223438  95.6829   0.2619  0.50135262 20388
TERRA                   
1 25994U 99068A   17066.23055155 -.00000020  00000-0  55143-5 0  9993
2 25994  98.2145 142.6889 0001291  73.1992 286.9356 14.57107200915823
CLUSTER II-FM6 (SALSA)  
1 26410U 00041A   17067.86967309 -.00000117  00000-0  00000+0 0  9996
2 26410 131.0228 332.0414 4589974 149.2144 359.7569  0.44205425 17053
CLUSTER II-FM7 (SAMBA)  
1 26411U 00041B   17067.85542495 -.00000277  00000-0  00000-0 0  9999
2 26411 130.0393 333.5069 5193558 156.7472 359.8214  0.44219416  5325
CLUSTER II-FM5 (RUMBA)  
1 26463U 00045A   17067.87276896 -.00000195  00000-0  00000-0 0  9990
2 26463 133.5587 331.7077 4898508 154.7271 359.8102  0.44219207  5228
CLUSTER II-FM8 (TANGO)  
1 26464U 00045B   17064.89063213 -.00000147  00000-0  00000+0 0  9993
2 26464 131.0218 332.0167 4593615 149.1249 248.6654  0.44218020 52952
ODIN                    
1 26702U 01007A   17066.11887497  .00001136  00000-0  79909-4 0  9999
2 26702  97.6160  84.2725 0012174  47.6268 312.5988 15.07031084876279
TIMED                   
1 26998U 01055B   17065.81168560  .00000204  00000-0  26419-4 0  9991
2 26998  74.0728 158.8314 0002054 248.5680 111.5282 14.87861931826259
RHESSI                  
1 27370U 02004A   17065.87206637  .00003362  00000-0  12515-3 0  9994
2 27370  38.0333 312.2267 0012945 294.1193  65.8222 15.27939622830602
INTEGRAL                
1 27540U 02048A   17067.84462106  .00000856  00000-0  00000+0 0  9992
2 27540  50.2559 193.4852 8203059 261.1379 359.9945  0.37593906 13925
CORIOLIS                
1 27640U 03001A   17065.65005213  .00000019  00000-0  30153-4 0  9990
2 27640  98.7461  77.2515 0013152 239.7801 258.0166 14.18934585733408
SORCE                   
1 27651U 03004A   17066.46962301  .00000291  00000-0  44816-4 0  9998
2 27651  39.9954 168.5313 0023579 244.8310 115.0033 14.88600121765627
MOST                    
1 27843U 03031D   17066.12524477 -.00000060  00000-0 -76999-5 0  9996
2 27843  98.7157  75.7087 0009156 312.3925  47.6476 14.20544862709469
SCISAT 1                
1 27858U 03036A   17066.03859548  .00000134  00000-0  24014-4 0  9997
2 27858  73.9340  29.7887 0007555 165.2141 194.9255 14.77112906730699
SWIFT                   
1 28485U 04047A   17065.52927744  .00001281  00000-0  59298-4 0  9990
2 28485  20.5566 132.3420 0011569  22.7224 337.3721 15.03605561672732
FORMOSAT-3 FM6          
1 29047U 06011A   17066.44323818  .00000025  00000-0  26087-4 0  9997
2 29047  71.9802  34.7841 0051593 325.4897  34.2893 14.28564731570236
FORMOSAT-3 FM1          
1 29048U 06011B   17066.08943037  .00000028  00000-0  27761-4 0  9992
2 29048  71.9678 307.7722 0045854 282.9346 189.9091 14.28503562572671
FORMOSAT-3 FM5          
1 29049U 06011C   17066.19735681  .00000105  00000-0  58017-4 0  9993
2 29049  72.0191 112.4320 0036470 318.5451  41.2919 14.28547682568468
FORMOSAT-3 FM3          
1 29050U 06011D   17066.16418874  .00000291  00000-0  72111-4 0  9991
2 29050  72.0176  20.6021 0050822 339.7185  20.1947 14.58463228581690
FORMOSAT-3 FM4          
1 29051U 06011E   17066.43052230  .00000079  00000-0  46669-4 0  9995
2 29051  72.0076  16.2067 0069322 197.9735 161.8950 14.28569087571087
FORMOSAT-3 FM2          
1 29052U 06011F   17066.51099675  .00000085  00000-0  49831-4 0  9990
2 29052  72.0330  86.7024 0042468 282.5140  77.1248 14.28659171569416
CLOUDSAT                
1 29107U 06016A   17066.45836964  .00000067  00000-0  24832-4 0  9993
2 29107  98.2091  11.9511 0001736  56.1765 303.9599 14.57111570577611
CALIPSO                 
1 29108U 06016B   17066.18250937  .00000186  00000-0  51251-4 0  9991
2 29108  98.2114  11.2310 0001339  79.7212 280.4138 14.57116721577504
HINODE (SOLAR-B)        
1 29479U 06041A   17065.64243779  .00000118  00000-0  31152-4 0  9999
2 29479  98.1660  70.8610 0017224 176.1904 183.9433 14.64795471558387
SJ-6C                   
1 29505U 06046A   17066.49899903  .00000698  00000-0  70320-4 0  9997
2 29505  97.8191  68.8645 0004691  74.0151 286.1597 14.94297733564689
SJ-6D                   
1 29506U 06046B   17066.46087998 -.00000389  00000-0 -31794-4 0  9999
2 29506  97.8374  68.0703 0003194 114.0393 246.1168 14.93238027564376
AGILE                   
1 31135U 07013A   17065.43369674  .00003527  00000-0  81866-4 0  9995
2 31135   2.4670 188.9297 0013110 202.1297 157.8190 15.29334226547955
AIM                     
1 31304U 07015A   17065.90781251  .00001237  00000-0  76485-4 0  9993
2 31304  97.9931 240.1242 0006491 118.6763 241.5120 15.11872728539484
FGRST (GLAST)           
1 33053U 08029A   17065.90178067  .00000730  00000-0  25482-4 0  9995
2 33053  25.5835 339.7861 0012509 177.8545 182.2045 15.10836719481810
IBEX                    
1 33401U 08051A   17073.54943748 -.00001627  00000-0  00000+0 0  9993
2 33401  22.6910  94.0589 6183628  23.0815 358.3722  0.11173679  3559
WISE                    
1 36119U 09071A   17066.21516314  .00001581  00000-0  60608-4 0  9999
2 36119  97.4611  93.9376 0001932 354.1889   5.9328 15.28018886400705
SDO                     
1 36395U 10005A   17065.62536031 -.00000098  00000-0  00000+0 0  9994
2 36395  28.6513 142.2674 0001570 149.4428 355.7208  1.00275755 26048
CRYOSAT 2               
1 36508U 10013A   17066.17447977 -.00000008  00000-0 -28120-5 0  9991
2 36508  92.0217 177.6946 0006651 346.9174  13.1860 14.52177247366359
GCOM-W1 (SHIZUKU)       
1 38337U 12025A   17066.47558052  .00000080  00000-0  27691-4 0  9997
2 38337  98.2080   8.1821 0001461  61.6081  55.1751 14.57133828255544
NUSTAR                  
1 38358U 12031A   17066.08856200  .00001221  00000-0  55172-4 0  9993
2 38358   6.0269 330.2542 0012521 264.1103  95.7598 14.87672488257214
RBSP A                  
1 38752U 12046A   17065.66152095 -.00000088  00000-0 -52506-3 0  9990
2 38752   9.7574 240.4454 6820289  42.5521 353.6859  2.68122625 44120
RBSP B                  
1 38753U 12046B   17066.09738958 -.00000063  00000-0 -51151-3 0  9995
2 38753   9.8022 249.6565 6833937  25.1364 356.4961  2.65145773 43850
NEOSSAT                 
1 39089U 13009D   17065.62842095  .00000011  00000-0  19657-4 0  9991
2 39089  98.5627 270.0768 0010077 239.2847 120.7346 14.34374608210699
BRITE-AUSTRIA           
1 39091U 13009F   17065.60985349  .00000005  00000-0  17119-4 0  9996
2 39091  98.5593 271.3739 0009442 250.4561 109.5605 14.35016109210770
UNIBRITE                
1 39092U 13009G   17065.80944483  .00000038  00000-0  28940-4 0  9993
2 39092  98.5601 271.2738 0008373 241.9650 118.0688 14.34889611210787
IRIS                    
1 39197U 13033A   17066.50170543  .00000210  00000-0  35887-4 0  9992
2 39197  97.9228 249.5990 0028700 142.2953 218.0276 14.78357917199084
HISAKI (SPRINT-A)       
1 39253U 13049A   17065.71487757  .00000096  00000-0  39409-4 0  9998
2 39253  29.7199 165.1496 0137144 269.0541  89.4315 13.55167991172322
CASSIOPE                
1 39265U 13055A   17065.90117198  .00005221  00000-0  15375-3 0  9998
2 39265  80.9703 120.8362 0691920 188.7618 170.0967 14.21914822176976
DANDE                   
1 39267U 13055C   17065.93448238  .00004460  00000-0  13421-3 0  9999
2 39267  81.0138 130.5724 0716152 204.6321 151.9036 14.16347671174212
STSAT-3                 
1 39422U 13066G   17066.43578320  .00000544  00000-0  62736-4 0  9999
2 39422  97.6694 132.1292 0022242 208.1370 151.8641 14.89386971178789
BRITE-PL                
1 39431U 13066R   17065.90366003  .00000187  00000-0  49320-4 0  9990
2 39431  97.6966  52.7913 0204105  72.4970 289.8416 14.46811856173466
SWARM B                 
1 39451U 13067A   17066.57219953  .00000525  00000-0  22132-4 0  9996
2 39451  87.7480 278.2558 0003904  87.0346 273.1346 15.20906281182404
SWARM A                 
1 39452U 13067B   17066.54430224  .00002067  00000-0  47729-4 0  9992
2 39452  87.3513 207.4753 0003066  76.0490 284.1106 15.41852786184474
SWARM C                 
1 39453U 13067C   17066.54422188  .00002089  00000-0  48252-4 0  9999
2 39453  87.3513 208.8898 0003058  75.7626 284.3969 15.41852180184431
BRITE-TORONTO           
1 40020U 14033L   17066.56837860  .00000099  00000-0  25792-4 0  9997
2 40020  97.8518 301.8167 0086358 290.6122  68.5837 14.66360153145196
OCO 2                   
1 40059U 14035A   17065.90188573  .00000089  00000-0  29916-4 0  9999
2 40059  98.2164   8.8545 0001050  74.1980 285.9334 14.57106827142489
BRITE-PL 2              
1 40119U 14049B   17065.93638652  .00000249  00000-0  36326-4 0  9993
2 40119  97.9400 152.3683 0018836  65.3695 294.9478 14.84086571137901
RESURS P2               
1 40360U 14087A   17066.55139661  .00001859  00000-0  62109-4 0  9994
2 40360  97.2757 162.0232 0010722 127.1583 358.2784 15.32223137122828
MMS 1                   
1 40482U 15011A   17065.83333333 -.00000181  00000-0  00000-0 0  9995
2 40482  28.3806 311.3891 8571124 149.5938 101.6467  0.67962249  7300
MMS 2                   
1 40483U 15011B   17065.83333333 -.00000180  00000-0  00000+0 0  9994
2 40483  28.3736 311.3541 8566904 149.5709 103.4508  0.67963940  7238
MMS 3                   
1 40484U 15011C   17063.96549769 -.00000255  00000-0  00000-0 0  9993
2 40484  28.4139 311.5246 8569243 149.2983   8.2189  0.67962300  7013
MMS 4                   
1 40485U 15011D   17065.83333333 -.00000181  00000-0  00000-0 0  9998
2 40485  28.3925 311.4197 8564942 149.5499 107.0970  0.67963345  7225
ASTROSAT                
1 40930U 15052A   17066.24063828  .00000892  00000-0  36562-4 0  9997
2 40930   5.9960 241.7261 0008386 246.0009 113.9252 14.76093463 77860
DAMPE                   
1 41173U 15078A   17066.53644899  .00000316  00000-0  16073-4 0  9996
2 41173  97.2911  77.4478 0014515 147.2781 329.0873 15.23521610 67988
PISAT                   
1 41784U 16059B   17066.47586031  .00000128  00000-0  34009-4 0  9990
2 41784  98.1804 128.9313 0033298 118.5498 241.9062 14.63184488 23707
