ASTRA 1D                
1 23331U 94070A   17066.16537017 -.00000310  00000-0  00000+0 0  9996
2 23331   7.4075  50.0300 0003856 286.2805 200.9828  1.00273823 82182
ASTRA 1F                
1 23842U 96021A   17066.16335920  .00000111  00000-0  00000+0 0  9998
2 23842   0.0607 316.9088 0003845  25.9800 285.2763  1.00273309 76341
AMC-1 (GE-1)            
1 24315U 96054A   17066.14006545  .00000031  00000-0  00000+0 0  9997
2 24315   1.3564  85.5679 0003093 259.1225 101.5940  1.00271149 75048
AMC-2 (GE-2)            
1 24713U 97002A   17065.47339834 -.00000234  00000-0  00000-0 0  9995
2 24713   4.1468  66.4793 0005162 277.1503 266.2926  1.00269939 73592
AMC-3 (GE-3)            
1 24936U 97050A   17066.51549887 -.00000288  00000-0  00000+0 0  9990
2 24936   0.1674  92.2474 0002960 255.5089 291.2143  1.00271366 71469
NSS-5                   
1 24957U 97053A   17065.95100056  .00000083  00000-0  00000-0 0  9997
2 24957   3.6422  69.8109 0003817 273.8259 214.0140  1.00270871 71190
ASTRA 1G                
1 25071U 97076A   17065.95111304  .00000081  00000-0  00000-0 0  9996
2 25071   2.1151  78.7708 0003369 257.5872 221.9926  1.00269229 70572
NSS-806                 
1 25239U 98014A   17065.81437208 -.00000306  00000-0  00000-0 0  9995
2 25239   0.0570 337.9919 0004953   3.4153  68.9724  1.00272594 13317
ASTRA 2A                
1 25462U 98050A   17065.84978703 -.00000386  00000-0  00000-0 0  9994
2 25462   0.0877 256.8418 0002298  78.9308 248.3931  1.00273067 12361
ASTRA 1H                
1 25785U 99033A   17066.16335920  .00000112  00000-0  00000+0 0  9993
2 25785   3.6270  69.9676 0003001 267.1940 290.1858  1.00273879 64801
AMC-4 (GE-4)            
1 25954U 99060A   17065.72883063 -.00000299  00000-0  00000+0 0  9995
2 25954   0.0116 143.3883 0001570 246.7529 329.8678  1.00268440 63505
ASTRA 2B                
1 26494U 00054A   17065.65569288  .00000093  00000-0  00000+0 0  9993
2 26494   2.0020  79.4052 0004790 273.5751  66.9994  1.00270533 60244
AMC-7 (GE-7)            
1 26495U 00054B   17065.91711018  .00000061  00000-0  00000+0 0  9998
2 26495   0.0143  98.5768 0001913 217.1652  44.2147  1.00271987 60279
NSS-11 (AAP-1)          
1 26554U 00059A   17065.84978703 -.00000372  00000-0  00000+0 0  9993
2 26554   0.0430 305.1499 0001925  66.3302 207.3671  1.00269999 60185
AMC-6 (GE-6)            
1 26580U 00067A   17065.49342500 -.00000299  00000-0  00000+0 0  9990
2 26580   0.0477 308.5556 0002553  11.7565 314.7043  1.00272656 59996
ASTRA 2D                
1 26638U 00081A   17065.58052447  .00000040  00000-0  00000+0 0  9991
2 26638   3.4510  70.5189 0002074 281.5069  78.7758  1.00276901 59400
AMC-8 (GE-8)            
1 26639U 00081B   17065.56248590  .00000078  00000-0  00000+0 0  9997
2 26639   0.0321 294.0565 0002596  65.0534 228.8343  1.00271651 59287
ASTRA 2C                
1 26853U 01025A   17065.91352874  .00000019  00000-0  00000-0 0  9990
2 26853   0.1838  90.6711 0003608 248.3888 214.8984  1.00270267 11078
ASTRA 3A                
1 27400U 02015B   17065.86603923 -.00000307  00000-0  00000+0 0  9997
2 27400   3.6187  69.2698 0001803 278.8118  81.4614  1.00268533 54738
NSS-7                   
1 27414U 02019A   17064.83460008 -.00000180  00000-0  00000-0 0  9997
2 27414   1.6802  83.6303 0002847 265.6123  94.9596  1.00271729 54578
NSS-6                   
1 27603U 02057A   17066.22468061 -.00000297  00000-0  00000+0 0  9999
2 27603   0.0188 136.0440 0002827 185.6692  19.2727  1.00271358 52115
AMC-9 (GE-12)           
1 27820U 03024A   17065.44556878 -.00000242  00000-0  00000+0 0  9992
2 27820   0.0540 287.2842 0002828  46.0687 268.3919  1.00272057 50348
AMC-10 (GE-10)          
1 28154U 04003A   17066.17409458  .00000060  00000-0  00000+0 0  9990
2 28154   0.0496 293.6112 0001956  88.8407  70.2810  1.00272604 47956
AMC-11 (GE-11)          
1 28252U 04017A   17065.56781772  .00000043  00000-0  00000+0 0  9999
2 28252   0.0561 303.4707 0002821  47.4528 246.9406  1.00271522 46719
AMC-15                  
1 28446U 04041A   17065.80345437 -.00000116  00000-0  00000+0 0  9994
2 28446   0.0521 307.1258 0002439  40.9161   0.8351  1.00271995 45403
AMC-16                  
1 28472U 04048A   17065.96969814 -.00000233  00000-0  00000-0 0  9999
2 28472   0.0510 306.0636 0002527  33.9974  88.8951  1.00271607 44771
NSS-10 (AMC-12)         
1 28526U 05003A   17066.19167517 -.00000279  00000-0  00000+0 0  9996
2 28526   0.0573 298.2359 0002884  46.1625 212.2248  1.00271487 44339
ASTRA 1KR               
1 29055U 06012A   17066.23076983  .00000091  00000-0  00000+0 0  9997
2 29055   0.0792 279.2332 0003369  14.8636 333.2743  1.00273250 39768
AMC-18                  
1 29644U 06054B   17066.50275410 -.00000118  00000-0  00000+0 0  9994
2 29644   0.0507 295.1001 0002865  44.5533 261.7636  1.00271674 37573
ASTRA 1L                
1 31306U 07016A   17066.23076983  .00000091  00000-0  00000+0 0  9994
2 31306   0.0900 300.3691 0005114  23.8008 303.1948  1.00272768 36053
ASTRA 4A (SIRIUS 4)     
1 32299U 07057A   17065.88173028  .00000005  00000-0  00000+0 0  9994
2 32299   0.0314 329.8788 0002973   8.5160 148.5980  1.00272272 33971
AMC-21                  
1 33275U 08038B   17066.17409458  .00000008  00000-0  00000+0 0  9994
2 33275   0.0416 321.8449 0002541  17.5455 123.4289  1.00272271 31480
ASTRA 1M                
1 33436U 08057A   17066.23076983  .00000091  00000-0  00000+0 0  9996
2 33436   0.0288 262.2216 0000975 130.9363 234.2052  1.00270153 30499
CIEL-2                  
1 33453U 08063A   17066.56076017  .00000029  00000-0  00000+0 0  9997
2 33453   0.0141 159.0182 0003166 191.2890 248.1676  1.00270881 30170
NSS-9                   
1 33749U 09008A   17065.70195338  .00000045  00000-0  00000+0 0  9996
2 33749   0.0494 310.3767 0002434  34.9171 255.0570  1.00272452 29570
SES-7 (PROTOSTAR 2)     
1 34941U 09027A   17066.46847088 -.00000374  00000-0  00000+0 0  9998
2 34941   0.0207  98.6241 0002679 202.7705 140.8397  1.00270750 28643
NSS-12                  
1 36032U 09058A   17065.38524282  .00000045  00000-0  00000-0 0  9998
2 36032   0.0328 291.3405 0002664  55.8515  12.7742  1.00273584 26966
SES-1                   
1 36516U 10016A   17066.51082321 -.00000143  00000-0  00000+0 0  9999
2 36516   0.0494 305.7040 0002377  39.6643 262.9212  1.00271426 25159
ASTRA 3B                
1 36581U 10021A   17065.85143868  .00000109  00000-0  00000+0 0  9998
2 36581   0.0449  33.4782 0003193 305.8318 155.4440  1.00269669 24663
SES-3                   
1 37748U 11035A   17065.81726927 -.00000129  00000-0  00000-0 0  9993
2 37748   0.0563 294.9355 0002884  42.1404  18.8356  1.00271883 20620
ASTRA 1N                
1 37775U 11041A   17066.23076983  .00000091  00000-0  00000+0 0  9993
2 37775   0.0630 330.2847 0004733  41.0444 256.0413  1.00270796 20411
SES-2                   
1 37809U 11049A   17066.44356728 -.00000225  00000-0  00000+0 0  9990
2 37809   0.0459 305.5090 0002596  25.4910 267.0011  1.00271436 20038
QUETZSAT 1              
1 37826U 11054A   17066.08436605 -.00000269  00000-0  00000+0 0  9996
2 37826   0.0429 327.2603 0002658  33.0969 117.9674  1.00270928 20115
SES-4                   
1 38087U 12007A   17066.12785444 -.00000197  00000-0  00000+0 0  9998
2 38087   0.0080 107.1152 0002289 223.7692 218.1378  1.00268903 18508
SES-5                   
1 38652U 12036A   17065.79986373  .00000006  00000-0  00000+0 0  9992
2 38652   0.0431 267.2309 0002213  64.0910 126.2914  1.00272470 17085
ASTRA 2F                
1 38778U 12051A   17065.46495843  .00000123  00000-0  00000+0 0  9999
2 38778   0.0850 245.9465 0003014  26.3530  87.6390  1.00269011 16303
SES-6                   
1 39172U 13026A   17066.19431115 -.00000289  00000-0  00000+0 0  9998
2 39172   0.0296  56.0803 0002021 279.3495 219.1038  1.00271386 13744
O3B FM5                 
1 39188U 13031A   17066.35956260 -.00000030  00000-0  00000+0 0  9996
2 39188   0.0328  26.8515 0006313  25.4315 307.7683  5.00115856 67574
O3B FM4                 
1 39189U 13031B   17065.85172831 -.00000029  00000-0  00000-0 0  9994
2 39189   0.0531   0.5062 0005769 296.7267  62.7028  5.00115713 67584
O3B FM2                 
1 39190U 13031C   17065.42691283 -.00000028  00000-0  00000-0 0  9995
2 39190   0.0580   2.0025 0006313 291.4302  66.4956  5.00115585 67537
O3B PFM                 
1 39191U 13031D   17065.45033132 -.00000028  00000-0  00000-0 0  9992
2 39191   0.0371  14.8536 0004455 326.1522  18.9722  5.00115823 67537
ASTRA 2E                
1 39285U 13056A   17065.46417437  .00000124  00000-0  00000-0 0  9994
2 39285   0.0611  27.4836 0002112 319.8038  12.6803  1.00274863 12481
SES-8                   
1 39460U 13071A   17065.28002444 -.00000295  00000-0  00000+0 0  9993
2 39460   0.0574 277.0144 0002084  89.2912 353.6702  1.00271676 11884
ASTRA 5B                
1 39617U 14011B   17065.96906466  .00000127  00000-0  00000+0 0  9997
2 39617   0.0734 305.8187 0002991  62.7214 176.6517  1.00273754 10886
O3B FM3                 
1 40079U 14038A   17066.36169250 -.00000030  00000-0  00000+0 0  9991
2 40079   0.0463   7.4384 0003495  21.4430 331.1321  5.00115946 48564
O3B FM7                 
1 40080U 14038B   17065.51675711 -.00000028  00000-0  00000-0 0  9991
2 40080   0.0471   4.7303 0002593 354.3716   0.8922  5.00116827 48420
O3B FM6                 
1 40081U 14038C   17065.33953136 -.00000028  00000-0  00000-0 0  9992
2 40081   0.0466   6.1798 0002729   1.7896 352.0296  5.00115051 48392
O3B FM8                 
1 40082U 14038D   17065.38438104 -.00000028  00000-0  00000-0 0  9991
2 40082   0.0488   3.2137 0003842 344.2258  12.5456  5.00115093 48501
O3B FM10                
1 40348U 14083A   17064.20722264 -.00000025  00000-0  00000-0 0  9996
2 40348   0.0417  12.6979 0001550 323.0520  24.2381  5.00115825 40419
O3B FM11                
1 40349U 14083B   17065.42833939 -.00000028  00000-0  00000+0 0  9996
2 40349   0.0395  13.2966 0002110 318.0647  28.6217  5.00115703 40472
O3B FM12                
1 40350U 14083C   17065.29537377 -.00000028  00000-0  00000+0 0  9990
2 40350   0.0399  11.9182 0002597 327.6824  20.3837  5.00115456 40466
O3B FM9                 
1 40351U 14083D   17065.47278801 -.00000028  00000-0  00000-0 0  9996
2 40351   0.0396  14.9688 0001958 327.5640  17.4550  5.00115604 40490
ASTRA 2G                
1 40364U 14089A   17065.46510333  .00000124  00000-0  00000+0 0  9999
2 40364   0.0116 322.4334 0003759  63.7903 333.7953  1.00272149  8030
SES-9                   
1 41380U 16013A   17066.24040015 -.00000373  00000-0  00000+0 0  9996
2 41380   0.0493 303.1414 0001204  54.5576   2.2715  1.00271705  3776
