ISS (ZARYA)             
1 25544U 98067A   17066.58438819  .00003770  00000-0  64111-4 0  9990
2 25544  51.6429 184.7714 0006941 261.2127 216.7543 15.54151587 45955
TIANGONG 1              
1 37820U 11053A   17066.52295199  .00025695  00000-0  17776-3 0  9990
2 37820  42.7605 100.3160 0016636  75.3210  77.6630 15.73791656311922
SPINSAT                 
1 40314U 98067FL  17066.52269226  .01082745  12018-4  33548-3 0  9995
2 40314  51.6181  70.6235 0002867  37.3875 322.7345 16.25902795182031
AGGIESAT 4              
1 41313U 98067HP  17065.76626478  .00024274  00000-0  21002-3 0  9994
2 41313  51.6368 166.7458 0003197  96.9718 263.1642 15.69036983 62822
BEVO 2                  
1 41314U 98067HQ  17066.14049303  .00080127  00000-0  38189-3 0  9997
2 41314  51.6249 150.8621 0002450  51.1396 308.9824 15.82141332 62867
MINXSS                  
1 41474U 98067HU  17066.49246954  .00143912  00000-0  69598-3 0  9993
2 41474  51.6446 160.3901 0003771  12.1265 347.9827 15.81579983 46212
STMSAT-1                
1 41476U 98067HW  17066.48165824  .00162335  00000-0  65474-3 0  9999
2 41476  51.6340 158.6714 0005474   0.4607 359.6401 15.85354603 46145
NODES 2                 
1 41477U 98067HX  17065.51282115  .00048322  00000-0  37609-3 0  9994
2 41477  51.6338 172.5233 0002885  16.9353 343.1740 15.71234097 45879
NODES 1                 
1 41478U 98067HY  17066.48512596  .00047413  00000-0  37129-3 0  9998
2 41478  51.6343 167.7648 0002912  21.2270 338.8848 15.71095856 46026
FLOCK 2E'-1             
1 41479U 98067HZ  17066.37979177  .00025924  00000-0  26581-3 0  9992
2 41479  51.6399 173.6226 0001183 234.8196 235.4259 15.64771777 45891
FLOCK 2E'-3             
1 41480U 98067JA  17066.53133597  .00022003  00000-0  22528-3 0  9992
2 41480  51.6384 172.4517 0001498 299.8910 146.8086 15.64915149 45921
FLOCK 2E'-2             
1 41481U 98067JB  17066.52807205  .00025386  00000-0  25254-3 0  9992
2 41481  51.6379 171.6443 0001066 247.4291 204.4254 15.65549146 45915
FLOCK 2E'-4             
1 41482U 98067JC  17066.52343340  .00029140  00000-0  27956-3 0  9991
2 41482  51.6375 171.6180 0002120 333.7603 111.6505 15.66375893 45913
FLOCK 2E-1              
1 41483U 98067JD  17066.38703601  .00021922  00000-0  22855-3 0  9999
2 41483  51.6387 173.6984 0002256 350.7100 124.7608 15.64458068 45746
FLOCK 2E-2              
1 41484U 98067JE  17066.51730932  .00026617  00000-0  26504-3 0  9993
2 41484  51.6396 172.3735 0001827 354.7616  99.8626 15.65496560 45771
LEMUR-2-THERESACONDOR   
1 41485U 98067JF  17066.35958780  .00318472  50643-4  83081-3 0  9997
2 41485  51.6307 156.0312 0006716   4.3093 110.4578 15.94402668 45935
FLOCK 2E-3              
1 41486U 98067JG  17066.53721649  .00020539  00000-0  22065-3 0  9997
2 41486  51.6383 174.0043 0002358  32.7153  54.5785 15.63738094 45783
FLOCK 2E-4              
1 41487U 98067JH  17066.44263223  .00026470  00000-0  27246-3 0  9993
2 41487  51.6387 173.4387 0003150  44.9156 359.6633 15.64658745 45787
LEMUR-2-NICK-ALLAIN     
1 41488U 98067JJ  17066.48509870  .00234731  31386-4  74657-3 0  9993
2 41488  51.6344 156.9786 0005750 354.2213  97.0158 15.90698929 45938
LEMUR-2-KANE            
1 41489U 98067JK  17066.49882497  .00241904  32684-4  76536-3 0  9994
2 41489  51.6354 156.5106 0005340 352.7088   6.6756 15.90797305 45196
LEMUR-2-JEFF            
1 41490U 98067JL  17066.42698954  .00407624  81841-4  78519-3 0  9997
2 41490  51.6339 153.5229 0008309 359.3336  81.4442 15.99821515 45970
FLOCK 2E-6              
1 41563U 98067JM  17065.73412860  .00020888  00000-0  22549-3 0  9990
2 41563  51.6386 178.2331 0001606 217.5626 293.0378 15.63602577 43716
FLOCK 2E-5              
1 41564U 98067JN  17066.49086669  .00019087  00000-0  20759-3 0  9999
2 41564  51.6371 174.4468 0002186 210.1700 227.2702 15.63477426 43821
FLOCK 2E-7              
1 41565U 98067JP  17066.52745465  .00022887  00000-0  22933-3 0  9998
2 41565  51.6371 172.4083 0003007  75.3933  10.7886 15.65431618 43750
FLOCK 2E-8              
1 41566U 98067JQ  17066.45109137  .00065695  00000-0  42284-3 0  9996
2 41566  51.6375 165.8505 0003602  28.6817  51.1575 15.75548490 43823
FLOCK 2E'-5             
1 41567U 98067JR  17066.49954803  .00019198  00000-0  21416-3 0  9990
2 41567  51.6387 175.2439 0003947 115.6568 328.4913 15.62817109 43682
FLOCK 2E'-6             
1 41568U 98067JS  17066.44240419  .00020714  00000-0  21942-3 0  9997
2 41568  51.6373 174.1711 0003403 114.3714 292.7678 15.64090027 43725
FLOCK 2E'-8             
1 41569U 98067JT  17066.38671209  .00025842  00000-0  25695-3 0  9992
2 41569  51.6364 172.9208 0001854  10.5589 100.5910 15.65549470 43613
FLOCK 2E'-7             
1 41570U 98067JU  17066.41227361  .00036257  00000-0  33412-3 0  9992
2 41570  51.6374 171.5966 0002336   7.0252 109.1598 15.67261427 43652
FLOCK 2E-9              
1 41571U 98067JV  17066.41254469  .00023159  00000-0  22680-3 0  9994
2 41571  51.6381 172.3423 0002621  79.5475  36.4291 15.66000430 43607
FLOCK 2E-10             
1 41572U 98067JW  17066.49445951  .00024867  00000-0  25351-3 0  9996
2 41572  51.6393 172.9520 0003371 104.8877 342.5873 15.64941052 43605
FLOCK 2E-12             
1 41573U 98067JX  17066.33729922  .00026745  00000-0  26718-3 0  9998
2 41573  51.6400 173.4941 0003318  98.9853 300.9612 15.65407881 43580
FLOCK 2E-11             
1 41574U 98067JY  17066.35882398  .00027628  00000-0  27281-3 0  9995
2 41574  51.6365 172.7223 0003723 115.0989 351.0053 15.65680721 43590
FLOCK 2E'-9             
1 41575U 98067JZ  17066.52732671  .00025642  00000-0  24880-3 0  9999
2 41575  51.6371 171.6222 0003116 141.9469 305.0260 15.66166285 43619
FLOCK 2E'-10            
1 41576U 98067KA  17066.40999355  .00025825  00000-0  25744-3 0  9994
2 41576  51.6383 173.0880 0002948 127.7525 347.3234 15.65483541 43487
FLOCK 2E'-11            
1 41577U 98067KB  17066.34072047  .00025758  00000-0  26006-3 0  9995
2 41577  51.6382 173.5356 0003777  92.4632 307.5817 15.65162118 43296
FLOCK 2E'-12            
1 41578U 98067KC  17066.33763024  .00027086  00000-0  26618-3 0  9992
2 41578  51.6369 173.4762 0004064  83.8387 316.1680 15.65811444 43290
FLOCK 2E'-13            
1 41761U 98067KH  17066.42280929  .00015229  00000-0  20148-3 0  9992
2 41761  51.6397 182.2151 0007108 242.3127 227.6419 15.58511867 27028
FLOCK 2E'-14            
1 41762U 98067KJ  17066.41680944  .00015425  00000-0  20352-3 0  9998
2 41762  51.6399 182.1831 0007085 243.9042 226.8197 15.58572857 27022
FLOCK 2E'-16            
1 41763U 98067KK  17066.53678279  .00017565  00000-0  22843-3 0  9994
2 41763  51.6409 181.5157 0006349 250.9102 203.6304 15.58852215 27006
FLOCK 2E'-15            
1 41764U 98067KL  17066.36120506  .00014306  00000-0  19028-3 0  9992
2 41764  51.6413 182.5970 0006737 249.1976 204.9925 15.58429708 26971
TIANGONG-2              
1 41765U 16057A   17066.41189847  .00010530  00000-0  11783-3 0  9996
2 41765  42.7838 241.9949 0008879 270.0039 161.7911 15.62758064 27074
FLOCK 2E'-18            
1 41769U 98067KM  17066.41700569  .00014033  00000-0  18621-3 0  9991
2 41769  51.6417 182.1791 0005486 271.9439 196.9483 15.58519126 26988
FLOCK 2E'-17            
1 41776U 98067KN  17066.41338117  .00014230  00000-0  18837-3 0  9993
2 41776  51.6413 182.1557 0005610 268.1281 203.3862 15.58570081 26974
FLOCK 2E'-19            
1 41777U 98067KP  17066.52377725  .00022274  00000-0  27516-3 0  9995
2 41777  51.6422 180.6753 0004814 265.0033 184.3985 15.60046530 26965
FLOCK 2E'-20            
1 41782U 98067KQ  17066.35736775  .00017986  00000-0  22770-3 0  9997
2 41782  51.6422 181.8171 0004938 270.2596 183.2838 15.59554351 26808
SOYUZ-MS 02             
1 41820U 16063A   17063.63886574  .00003324  00000-0  57458-4 0  9990
2 41820  51.6437 199.4591 0006946 250.9439 296.1857 15.54125064 21204
BANXING-2               
1 41834U 16057H   17066.54144666  .00014183  00000-0  14078-3 0  9995
2 41834  42.7841 241.1620 0008333 253.1812 210.1598 15.65563405 21169
SOYUZ-MS 03             
1 41864U 16070A   17063.63886574  .00003324  00000-0  57458-4 0  9996
2 41864  51.6437 199.4591 0006946 250.9439 296.1857 15.54125064 16611
STARS-C                 
1 41895U 98067KR  17066.49680659  .00025938  00000-0  35881-3 0  9999
2 41895  51.6409 184.4295 0005414 300.1572  59.8849 15.56928657 12122
TANCREDO-1              
1 41931U 98067KT  17066.55803027  .00049395  00000-0  64004-3 0  9995
2 41931  51.6432 184.0871 0008471 263.2823  96.7186 15.58334954  7704
ITF-2                   
1 41932U 98067KU  17066.52713121  .00019290  00000-0  27625-3 0  9997
2 41932  51.6421 184.6346 0005484 253.9032 106.1283 15.56187304  7690
WASEDA-SAT3             
1 41933U 98067KV  17066.52571659  .00021997  00000-0  31227-3 0  9996
2 41933  51.6411 184.6233 0006591 260.4956  99.5263 15.56326099  7692
EGG                     
1 41934U 98067KW  17066.50664082  .00147817  00000-0  17595-2 0  9999
2 41934  51.6431 184.4955 0007156 289.8971  70.0909 15.60083740  7783
AOBA-VELOX 3            
1 41935U 98067KX  17066.52838848  .00021791  00000-0  31074-3 0  9996
2 41935  51.6460 184.6463 0006048 243.6396 116.3928 15.56213511  7792
TUPOD                   
1 41936U 98067KY  17066.55594894  .00067148  00000-0  84827-3 0  9990
2 41936  51.6484 184.0788 0005065 268.4322  91.6078 15.58904450  7180
OSNSAT                  
1 41939U 98067KZ  17066.50584150  .00039551  00000-0  53110-3 0  9990
2 41939  51.6471 184.4996 0007243 254.1816 105.8326 15.57493522  7045
DRAGON CRS-10           
1 42053U 17009A   17063.63886574  .00003324  00000-0  57458-4 0  9990
2 42053  51.6437 199.4591 0006946 250.9439 296.1857 15.54125064  2033
PROGRESS-MS 05          
1 42056U 17010A   17063.63886574  .00003324  00000-0  57458-4 0  9995
2 42056  51.6437 199.4591 0006946 250.9439 296.1857 15.54125064  1631
