TDRS 3                  
1 19548U 88091B   17066.13890045 -.00000317  00000-0  00000+0 0  9994
2 19548  14.8798   9.2007 0039866 309.8232 193.7256  1.00277034 91381
HST                     
1 20580U 90037B   17066.45756944  .00000743  00000-0  35038-4 0  9995
2 20580  28.4703 319.6954 0002841 156.4982 178.9015 15.08694561274906
TDRS 5                  
1 21639U 91054B   17065.68005161  .00000069  00000-0  00000+0 0  9990
2 21639  14.3092  22.5071 0025803 339.4983 239.9869  1.00262798 93728
TDRS 6                  
1 22314U 93003B   17065.42636855 -.00000309  00000-0  00000+0 0  9997
2 22314  13.8284  25.4186 0007710 302.8002 303.7609  1.00268154 88388
TDRS 7                  
1 23613U 95035B   17065.86841641 -.00000216  00000-0  00000-0 0  9994
2 23613  14.9395  16.2184 0023906  19.2406 166.7154  1.00269582 79269
ISS (ZARYA)             
1 25544U 98067A   17066.58438819  .00003770  00000-0  64111-4 0  9990
2 25544  51.6429 184.7714 0006941 261.2127 216.7543 15.54151587 45955
LANDSAT 7               
1 25682U 99020A   17066.21989993  .00000039  00000-0  18765-4 0  9996
2 25682  98.2196 138.7489 0000837  70.2703 289.8586 14.57104853951747
TERRA                   
1 25994U 99068A   17066.23055155 -.00000020  00000-0  55143-5 0  9993
2 25994  98.2145 142.6889 0001291  73.1992 286.9356 14.57107200915823
TDRS 8                  
1 26388U 00034A   17065.45363662 -.00000251  00000-0  00000+0 0  9996
2 26388   7.3205  56.7153 0007843 241.6826 118.3585  1.00277912 61180
EO-1                    
1 26619U 00075A   17066.51351061  .00000582  00000-0  11850-3 0  9991
2 26619  97.8467 100.4813 0010999  71.1341 289.1091 14.64368552868656
TIMED                   
1 26998U 01055B   17065.81168560  .00000204  00000-0  26419-4 0  9991
2 26998  74.0728 158.8314 0002054 248.5680 111.5282 14.87861931826259
TDRS 9                  
1 27389U 02011A   17066.30571473 -.00000127  00000-0  00000+0 0  9993
2 27389   5.0404  80.3774 0022649 242.8330 299.9225  1.00271199 56456
AQUA                    
1 27424U 02022A   17065.92049521  .00000175  00000-0  48881-4 0  9992
2 27424  98.2200   8.7531 0002114  75.5124 356.6408 14.57102704789331
TDRS 10                 
1 27566U 02055A   17065.19238487  .00000056  00000-0  00000+0 0  9999
2 27566   4.8565  58.8680 0012223 233.0931 126.9949  1.00270359 52231
SORCE                   
1 27651U 03004A   17066.46962301  .00000291  00000-0  44816-4 0  9998
2 27651  39.9954 168.5313 0023579 244.8310 115.0033 14.88600121765627
AURA                    
1 28376U 04026A   17065.91233378  .00000175  00000-0  48870-4 0  9997
2 28376  98.2208  10.9210 0001467  70.4893 289.6464 14.57107985672381
SWIFT                   
1 28485U 04047A   17065.52927744  .00001281  00000-0  59298-4 0  9990
2 28485  20.5566 132.3420 0011569  22.7224 337.3721 15.03605561672732
THEMIS A                
1 30580U 07004A   17067.92652586 -.00002000  00000-0 -65415+0 0  9995
2 30580   6.4217 228.7180 8410483  82.2148   0.2581  0.87725264 36195
THEMIS D                
1 30797U 07004D   17065.77935933 -.00000858  00000-0 -15642+0 0  9992
2 30797   3.3536 175.5860 8238288 144.8779 316.3096  1.00208006 12030
THEMIS E                
1 30798U 07004E   17066.81911117 -.00001503  00000-0 -46199+0 0  9996
2 30798   3.7216 209.2830 8238662 111.9840   0.1809  1.00246444 36597
AIM                     
1 31304U 07015A   17065.90781251  .00001237  00000-0  76485-4 0  9993
2 31304  97.9931 240.1242 0006491 118.6763 241.5120 15.11872728539484
FGRST (GLAST)           
1 33053U 08029A   17065.90178067  .00000730  00000-0  25482-4 0  9995
2 33053  25.5835 339.7861 0012509 177.8545 182.2045 15.10836719481810
WISE                    
1 36119U 09071A   17066.21516314  .00001581  00000-0  60608-4 0  9999
2 36119  97.4611  93.9376 0001932 354.1889   5.9328 15.28018886400705
TDRS 11                 
1 39070U 13004A   17064.93284759  .00000074  00000-0  00000-0 0  9993
2 39070   5.5266 328.7550 0010544 302.4736  57.4227  1.00279663 12705
TDRS 12                 
1 39504U 14004A   17065.59063034 -.00000291  00000-0  00000+0 0  9991
2 39504   6.0857 336.2114 0003324   9.8832 350.1359  1.00274768 11464
GPM-CORE                
1 39574U 14009C   17066.09801105  .00009170  00000-0  13530-3 0  9998
2 39574  65.0089 266.9819 0011288 287.2700  72.7211 15.55878682171649
MMS 1                   
1 40482U 15011A   17065.83333333 -.00000181  00000-0  00000-0 0  9995
2 40482  28.3806 311.3891 8571124 149.5938 101.6467  0.67962249  7300
MMS 2                   
1 40483U 15011B   17065.83333333 -.00000180  00000-0  00000+0 0  9994
2 40483  28.3736 311.3541 8566904 149.5709 103.4508  0.67963940  7238
MMS 3                   
1 40484U 15011C   17063.96549769 -.00000255  00000-0  00000-0 0  9993
2 40484  28.4139 311.5246 8569243 149.2983   8.2189  0.67962300  7013
MMS 4                   
1 40485U 15011D   17065.83333333 -.00000181  00000-0  00000-0 0  9998
2 40485  28.3925 311.4197 8564942 149.5499 107.0970  0.67963345  7225
