TELKOM 3S               
1 41944U 17007A   17066.55347508 -.00000339  00000-0  00000+0 0  9999
2 41944   0.0363 354.1594 0001313 119.3580  26.7219  1.00269258   237
INTELSAT 32E (IS-32E)   
1 41945U 17007B   17065.58326331 -.00000257  00000-0  00000+0 0  9992
2 41945   0.0616 276.6346 0000756  59.0122   5.8798  1.00272420   251
ARIANE 5 R/B            
1 41946U 17007C   17065.83447035  .00000889  00000-0  49765-3 0  9991
2 41946   3.8338 293.0381 7275724 190.7271 133.9733  2.27809366   415
ARIANE 5 DEB [SYLDA]    
1 41947U 17007D   17066.63869186  .00009998  00000-0  37488-2 0  9994
2 41947   3.9564 288.9874 7271757 195.0809 117.4179  2.28601263   480
CARTOSAT-2D             
1 41948U 17008A   17066.57628286  .00001053  00000-0  55716-4 0  9993
2 41948  97.5065 128.0410 0012020 178.1759 181.9519 15.17598423  3090
INS-1A                  
1 41949U 17008B   17065.80792722  .00003455  00000-0  15798-3 0  9999
2 41949  97.5071 127.3813 0010335 178.7293 181.3957 15.21184075  2956
INS-1B                  
1 41950U 17008C   17066.39776076  .00007641  00000-0  34298-3 0  9997
2 41950  97.5081 127.9781 0009490 178.9369 181.1900 15.21428875  3052
FLOCK 3P-8              
1 41951U 17008D   17066.39581180  .00002304  00000-0  10556-3 0  9990
2 41951  97.5080 127.9819 0008597 177.8585 182.2706 15.21478913  3042
FLOCK 3P-51             
1 41952U 17008E   17065.79733780  .00002379  00000-0  10733-3 0  9998
2 41952  97.5085 127.4016 0007741 200.1285 159.9590 15.21985508  2953
FLOCK 3P-37             
1 41953U 17008F   17066.18927131  .00002369  00000-0  10629-3 0  9991
2 41953  97.5082 127.7964 0007030 202.5654 157.5276 15.22180963  3019
2017-008G               
1 41954U 17008G   17065.87224301  .00003339  00000-0  15230-3 0  9997
2 41954  97.5059 127.4459 0009532 179.9779 180.1390 15.21296862  2916
FLOCK 3P-19             
1 41955U 17008H   17065.87182562  .00002311  00000-0  10639-3 0  9997
2 41955  97.5076 127.4514 0009223 181.2389 178.8764 15.21310688  2897
2017-008J               
1 41956U 17008J   17066.72635783  .00001579  00000-0  73583-4 0  9994
2 41956  97.5083 128.3067 0009502 177.9209 182.2067 15.21349976  3104
FLOCK 3P-18             
1 41957U 17008K   17066.59481604  .00001471  00000-0  68787-4 0  9992
2 41957  97.5085 128.1760 0009506 178.8982 181.2276 15.21346088  2928
FLOCK 3P-22             
1 41958U 17008L   17065.73956633  .00002255  00000-0  10373-3 0  9995
2 41958  97.5080 127.3220 0008791 180.7815 179.3393 15.21362704  2783
FLOCK 3P-21             
1 41959U 17008M   17066.39690508  .00004421  00000-0  19984-3 0  9999
2 41959  97.5084 127.9800 0009138 178.3048 181.8241 15.21430587  2892
FLOCK 3P-28             
1 41960U 17008N   17066.13384660  .00002323  00000-0  10663-3 0  9996
2 41960  97.5088 127.7172 0008935 178.1803 181.9474 15.21393635  2935
FLOCK 3P-26             
1 41961U 17008P   17065.93645423  .00002303  00000-0  10576-3 0  9992
2 41961  97.5080 127.5203 0008925 179.8068 180.3114 15.21399390  2827
FLOCK 3P-17             
1 41962U 17008Q   17065.87044363  .00004820  00000-0  21745-3 0  9998
2 41962  97.5070 127.4528 0009030 181.8672 178.2574 15.21451438  2769
FLOCK 3P-27             
1 41963U 17008R   17065.87054852  .00002205  00000-0  10136-3 0  9990
2 41963  97.5088 127.4560 0008769 179.4477 180.6718 15.21407046  2818
FLOCK 3P-25             
1 41964U 17008S   17066.39668499  .00002355  00000-0  10800-3 0  9991
2 41964  97.5081 127.9790 0008906 177.7932 182.3349 15.21413470  2875
FLOCK 3P-4              
1 41965U 17008T   17065.87029558  .00002245  00000-0  10309-3 0  9993
2 41965  97.5084 127.4555 0008720 180.0651 180.0537 15.21427378  2890
FLOCK 3P-2              
1 41966U 17008U   17065.87000893  .00002329  00000-0  10673-3 0  9992
2 41966  97.5084 127.4568 0008590 180.2345 179.8840 15.21451524  2817
FLOCK 3P-1              
1 41967U 17008V   17066.00142756  .00002324  00000-0  10648-3 0  9991
2 41967  97.5083 127.5875 0008631 179.6325 180.4889 15.21461315  2837
FLOCK 3P-3              
1 41968U 17008W   17065.67241330  .00002130  00000-0  97850-4 0  9998
2 41968  97.5084 127.2600 0008608 181.7109 178.4085 15.21468977  2869
FLOCK 3P-6              
1 41969U 17008X   17066.46138900  .00002383  00000-0  10901-3 0  9996
2 41969  97.5089 128.0486 0008669 177.0286 183.1003 15.21495134  2900
FLOCK 3P-7              
1 41970U 17008Y   17066.06597852  .00009300  00000-0  41404-3 0  9997
2 41970  97.5088 127.6551 0008405 180.8943 179.2138 15.21654905  2839
FLOCK 3P-5              
1 41971U 17008Z   17066.06640255  .00002153  00000-0  98712-4 0  9998
2 41971  97.5084 127.6549 0008600 179.8049 180.3164 15.21518610  2772
FLOCK 3P-12             
1 41972U 17008AA  17066.00020269  .00002272  00000-0  10391-3 0  9998
2 41972  97.5081 127.5899 0008394 180.3913 179.7269 15.21553981  2918
FLOCK 3P-9              
1 41973U 17008AB  17066.06592939  .00002049  00000-0  94033-4 0  9991
2 41973  97.5084 127.6557 0008426 180.0756 180.0453 15.21553728  2922
FLOCK 3P-10             
1 41974U 17008AC  17066.06564275  .00002269  00000-0  10368-3 0  9996
2 41974  97.5086 127.6569 0008331 180.3175 179.8029 15.21579630  2803
FLOCK 3P-11             
1 41975U 17008AD  17066.06555242  .00002242  00000-0  10248-3 0  9999
2 41975  97.5084 127.6567 0008402 180.5412 179.5791 15.21584839  2704
FLOCK 3P-60             
1 41976U 17008AE  17066.06500297  .00008547  00000-0  38020-3 0  9992
2 41976  97.5096 127.6592 0008167 182.0152 178.1032 15.21711020  2170
FLOCK 3P-58             
1 41977U 17008AF  17066.45980296  .00002321  00000-0  10590-3 0  9993
2 41977  97.5086 128.0504 0008149 179.9738 180.1502 15.21613099  3064
FLOCK 3P-57             
1 41978U 17008AG  17065.93358985  .00002360  00000-0  10760-3 0  9992
2 41978  97.5088 127.5257 0008122 181.6459 178.4673 15.21620910  2829
FLOCK 3P-75             
1 41979U 17008AH  17065.93333817  .00002250  00000-0  10270-3 0  9994
2 41979  97.5107 127.5367 0007990 185.9911 174.1220 15.21637717  2976
FLOCK 3P-70             
1 41980U 17008AJ  17065.80174754  .00002240  00000-0  10225-3 0  9994
2 41980  97.5111 127.4070 0008252 185.3410 174.7680 15.21642816  2807
FLOCK 3P-73             
1 41981U 17008AK  17066.45929425  .00002208  00000-0  10079-3 0  9991
2 41981  97.5107 128.0634 0008332 181.9282 178.1927 15.21649600  3030
FLOCK 3P-88             
1 41982U 17008AL  17066.39342943  .00002297  00000-0  10470-3 0  9992
2 41982  97.5105 127.9963 0008306 183.0366 177.0825 15.21659088  1998
FLOCK 3P-85             
1 41983U 17008AM  17066.12941561  .00007789  00000-0  34562-3 0  9994
2 41983  97.5104 127.7359 0008457 181.7822 178.3329 15.21823785  2850
FLOCK 3P-79             
1 41984U 17008AN  17066.19558657  .00007377  00000-0  32812-3 0  9991
2 41984  97.5101 127.8004 0008084 184.6593 175.4582 15.21764424  2863
FLOCK 3P-86             
1 41985U 17008AP  17066.12994835  .00004155  00000-0  18654-3 0  9996
2 41985  97.5094 127.7318 0008893 181.6639 178.4642 15.21708456  2850
FLOCK 3P-36             
1 41986U 17008AQ  17066.45857746  .00002321  00000-0  10560-3 0  9993
2 41986  97.5089 128.0532 0007985 178.8753 181.2510 15.21705297  2387
FLOCK 3P-30             
1 41987U 17008AR  17066.12934167  .00006736  00000-0  29959-3 0  9997
2 41987  97.5085 127.7266 0007511 182.1036 177.9993 15.21806191  2800
FLOCK 3P-34             
1 41988U 17008AS  17066.39267016  .00002335  00000-0  10623-3 0  9998
2 41988  97.5087 127.9863 0007794 179.6452 180.4801 15.21715266  2375
FLOCK 3P-35             
1 41989U 17008AT  17066.19529616  .00002328  00000-0  10587-3 0  9995
2 41989  97.5092 127.7917 0007877 179.7849 180.3393 15.21723710  2348
FLOCK 3P-33             
1 41990U 17008AU  17066.39250335  .00002143  00000-0  97696-4 0  9990
2 41990  97.5081 127.9869 0007799 180.1915 179.9318 15.21725532  2377
2017-008AV              
1 41991U 17008AV  17066.39203036  .00003062  00000-0  13806-3 0  9998
2 41991  97.5088 127.9876 0007807 180.2618 179.8611 15.21776762  2370
2017-008AW              
1 41992U 17008AW  17066.45741531  .00004580  00000-0  20459-3 0  9991
2 41992  97.5079 128.0531 0007684 181.3701 178.7514 15.21831470  2388
2017-008AX              
1 41993U 17008AX  17066.39165202  .00003303  00000-0  14852-3 0  9992
2 41993  97.5089 127.9888 0007329 180.7405 179.3829 15.21808007  2378
2017-008AY              
1 41994U 17008AY  17066.39154829  .00003053  00000-0  13754-3 0  9998
2 41994  97.5084 127.9890 0007461 180.8868 179.2361 15.21812941  2370
2017-008AZ              
1 41995U 17008AZ  17065.86525029  .00003224  00000-0  14496-3 0  9998
2 41995  97.5088 127.4643 0008164 199.0739 161.0106 15.21833230  2972
2017-008BA              
1 41996U 17008BA  17066.45671368  .00003709  00000-0  16609-3 0  9999
2 41996  97.5091 128.0564 0008253 195.8182 164.2793 15.21869220  2280
2017-008BB              
1 41997U 17008BB  17065.86461289  .00004149  00000-0  18526-3 0  9992
2 41997  97.5091 127.4655 0007841 199.3512 160.7335 15.21900024  2284
2017-008BC              
1 41998U 17008BC  17065.93041790  .00003074  00000-0  13816-3 0  9995
2 41998  97.5090 127.5317 0008037 199.3677 160.7165 15.21877014  2227
2017-008BD              
1 41999U 17008BD  17066.06142205  .00004812  00000-0  21407-3 0  9990
2 41999  97.5084 127.6622 0008065 200.1226 159.9607 15.21945196  2311
DIDO-2                  
1 42000U 17008BE  17066.52187204  .00002151  00000-0  97623-4 0  9991
2 42000  97.5086 128.1222 0008046 198.1139 161.9804 15.21887423  2395
FLOCK 3P-49             
1 42001U 17008BF  17066.45554561  .00006972  00000-0  30837-3 0  9996
2 42001  97.5095 128.0581 0008193 196.1342 163.9680 15.21976227  2902
FLOCK 3P-67             
1 42002U 17008BG  17065.79804618  .00002234  00000-0  10112-3 0  9995
2 42002  97.5090 127.4003 0007629 199.5159 160.5724 15.21928736  2966
FLOCK 3P-68             
1 42003U 17008BH  17066.06088696  .00002311  00000-0  10446-3 0  9993
2 42003  97.5084 127.6622 0007782 199.6257 160.4649 15.21943828  2648
FLOCK 3P-41             
1 42004U 17008BJ  17066.45417086  .00002419  00000-0  10892-3 0  9990
2 42004  97.5078 128.0556 0007564 199.4393 160.6562 15.22037489  2891
FLOCK 3P-45             
1 42005U 17008BK  17066.51978588  .00002298  00000-0  10362-3 0  9994
2 42005  97.5083 128.1227 0007542 199.3335 160.7608 15.22044199  3063
FLOCK 3P-48             
1 42006U 17008BL  17065.73069625  .00002173  00000-0  98102-4 0  9992
2 42006  97.5092 127.3359 0007410 202.4807 157.6092 15.22052278  2737
FLOCK 3P-43             
1 42007U 17008BM  17065.79618657  .00002446  00000-0  10996-3 0  9991
2 42007  97.5079 127.4020 0007399 202.9847 157.1009 15.22076100  2951
FLOCK 3P-42             
1 42008U 17008BN  17065.92747183  .00002267  00000-0  10211-3 0  9995
2 42008  97.5084 127.5320 0007223 202.3761 157.7081 15.22089661  2904
FLOCK 3P-61             
1 42009U 17008BP  17065.79543783  .00002412  00000-0  10829-3 0  9998
2 42009  97.5079 127.4012 0007298 203.4348 156.6506 15.22133674  2938
FLOCK 3P-40             
1 42010U 17008BQ  17066.18880844  .00002395  00000-0  10731-3 0  9998
2 42010  97.5077 127.7960 0007208 202.1527 157.9400 15.22217440  2255
FLOCK 3P-16             
1 42011U 17008BR  17065.92574567  .00002356  00000-0  10559-3 0  9997
2 42011  97.5080 127.5334 0006830 205.4386 154.6430 15.22225011  2162
FLOCK 3P-14             
1 42012U 17008BS  17065.92549495  .00002105  00000-0  94640-4 0  9996
2 42012  97.5080 127.5342 0006817 205.4737 154.6092 15.22240320  2778
FLOCK 3P-53             
1 42013U 17008BT  17066.05672981  .00002167  00000-0  97257-4 0  9994
2 42013  97.5076 127.6654 0006800 204.4747 155.6125 15.22259464  2792
FLOCK 3P-54             
1 42014U 17008BU  17065.92515973  .00002203  00000-0  98797-4 0  9998
2 42014  97.5082 127.5338 0006709 205.4965 154.5864 15.22267502  2957
PEASSS                  
1 42015U 17008BV  17065.98871225  .00002878  00000-0  12749-3 0  9990
2 42015  97.5073 127.6014 0005720 205.4906 154.5994 15.22448387  2807
2017-008BW              
1 42016U 17008BW  17065.79121989  .00003856  00000-0  16957-3 0  9997
2 42016  97.5080 127.4057 0005452 208.9642 151.1267 15.22486036  2885
NAYIF-1 (EO-88)         
1 42017U 17008BX  17065.85677153  .00003692  00000-0  16241-3 0  9998
2 42017  97.5077 127.4722 0005777 207.2603 152.8249 15.22498357  2922
FLOCK 3P-23             
1 42018U 17008BY  17065.80531491  .00002392  00000-0  10982-3 0  9990
2 42018  97.5083 127.3880 0008788 180.8878 179.2335 15.21367541  1735
FLOCK 3P-69             
1 42019U 17008BZ  17066.13078803  .00002636  00000-0  11979-3 0  9999
2 42019  97.5119 127.7328 0008463 182.1777 177.9798 15.21630801  2854
FLOCK 3P-76             
1 42020U 17008CA  17066.39382162  .00002973  00000-0  13468-3 0  9994
2 42020  97.5135 127.9978 0008480 184.0233 176.0956 15.21634100  1776
FLOCK 3P-59             
1 42021U 17008CB  17066.13071177  .00002216  00000-0  10121-3 0  9991
2 42021  97.5108 127.7306 0008130 182.5295 177.5906 15.21632806  2855
FLOCK 3P-84             
1 42022U 17008CC  17065.86757967  .00006063  00000-0  27098-3 0  9994
2 42022  97.5071 127.4626 0007980 180.9049 179.2136 15.21677163  1834
FLOCK 3P-32             
1 42023U 17008CD  17066.39351795  .00002122  00000-0  97006-4 0  9992
2 42023  97.5097 127.9925 0008392 181.5915 178.5301 15.21648168  3052
FLOCK 3P-72             
1 42024U 17008CE  17066.32773764  .00002377  00000-0  10828-3 0  9998
2 42024  97.5115 127.9348 0008045 178.9613 181.1645 15.21653159  1913
FLOCK 3P-77             
1 42025U 17008CF  17065.93303801  .00002348  00000-0  10696-3 0  9997
2 42025  97.5106 127.5369 0008169 186.6674 173.4352 15.21662906  2823
FLOCK 3P-80             
1 42026U 17008CG  17065.40659259  .00005669  00000-0  25298-3 0  9994
2 42026  97.5102 127.0102 0009626 186.3137 173.8109 15.21745117   884
FLOCK 3P-66             
1 42027U 17008CH  17065.33777140  .00002369  00000-0  10706-3 0  9999
2 42027  97.5086 126.9399 0007479 202.0670 158.0307 15.21931217  2845
FLOCK 3P-65             
1 42028U 17008CJ  17065.92948981  .00002356  00000-0  10645-3 0  9996
2 42028  97.5106 127.5340 0007846 198.5084 161.5856 15.21935993  2830
FLOCK 3P-50             
1 42029U 17008CK  17066.38909175  .00002217  00000-0  10021-3 0  9994
2 42029  97.5092 127.9922 0007700 197.3603 162.7364 15.21984367  2238
FLOCK 3P-52             
1 42030U 17008CL  17065.92880201  .00002230  00000-0  10079-3 0  9991
2 42030  97.5087 127.5330 0007640 201.3913 158.6978 15.21985919  2921
FLOCK 3P-46             
1 42031U 17008CM  17065.79649604  .00002542  00000-0  11423-3 0  9997
2 42031  97.5081 127.4002 0007138 203.3894 156.7168 15.22054140  2938
FLOCK 3P-47             
1 42032U 17008CN  17066.12519476  .00002444  00000-0  10995-3 0  9993
2 42032  97.5082 127.7268 0006973 202.4750 157.6198 15.22055023  2837
FLOCK 3P-44             
1 42033U 17008CP  17066.05892884  .00002544  00000-0  11418-3 0  9995
2 42033  97.5091 127.6655 0006810 204.9878 155.0973 15.22095807  1572
FLOCK 3P-64             
1 42034U 17008CQ  17066.05811745  .00002393  00000-0  10742-3 0  9994
2 42034  97.5080 127.6637 0007078 203.2729 156.8294 15.22155067  2992
FLOCK 3P-63             
1 42035U 17008CR  17065.79515132  .00002346  00000-0  10536-3 0  9995
2 42035  97.5085 127.4037 0006415 204.1826 155.9109 15.22155439   921
FLOCK 3P-62             
1 42036U 17008CS  17065.59789419  .00002631  00000-0  11775-3 0  9998
2 42036  97.5083 127.2046 0007362 205.7464 154.3396 15.22161161  2107
FLOCK 3P-38             
1 42037U 17008CT  17066.45203381  .00002195  00000-0  98686-4 0  9996
2 42037  97.5087 128.0609 0006801 202.7564 157.3346 15.22194425  3008
FLOCK 3P-39             
1 42038U 17008CU  17065.79463820  .00002165  00000-0  97372-4 0  9997
2 42038  97.5088 127.4022 0006640 206.5825 153.5007 15.22192639  2854
FLOCK 3P-15             
1 42039U 17008CV  17066.38610563  .00002003  00000-0  90301-4 0  9998
2 42039  97.5101 127.9964 0007072 203.4615 156.6250 15.22206352  2227
FLOCK 3P-13             
1 42040U 17008CW  17066.12313349  .00002503  00000-0  11204-3 0  9993
2 42040  97.5070 127.7315 0006527 204.4307 155.6604 15.22214095  2174
FLOCK 3P-55             
1 42041U 17008CX  17065.79297735  .00003885  00000-0  17140-3 0  9995
2 42041  97.5081 127.4021 0006530 205.9684 154.1214 15.22358889  2964
FLOCK 3P-56             
1 42042U 17008CY  17066.05593663  .00006453  00000-0  28249-3 0  9991
2 42042  97.5056 127.6635 0006759 203.0761 157.0324 15.22367670  2791
PSLV R/B                
1 42052U 17008DJ  17066.52257513  .00001956  00000-0  77056-4 0  9999
2 42052  97.5091 128.3450 0014310  23.1367 337.0513 15.26757977  3102
DRAGON CRS-10           
1 42053U 17009A   17063.63886574  .00003324  00000-0  57458-4 0  9990
2 42053  51.6437 199.4591 0006946 250.9439 296.1857 15.54125064  2033
PROGRESS-MS 05          
1 42056U 17010A   17063.63886574  .00003324  00000-0  57458-4 0  9995
2 42056  51.6437 199.4591 0006946 250.9439 296.1857 15.54125064  1631
TK-1                    
1 42061U 17012A   17066.55285194  .00009894  00000-0  13541-3 0  9990
2 42061  96.9301  79.4564 0016193 260.5136 199.5632 15.57445875   715
KT-2A R/B               
1 42062U 17012B   17066.20324226  .00341191  19498-5  52476-3 0  9998
2 42062  96.6727  79.2508 0128194 314.5392 103.9368 15.90474827   665
SENTINEL-2B             
1 42063U 17013A   17066.63318460 -.00000044  00000-0  00000+0 0  9996
2 42063  98.5604 142.9652 0001390 340.9745  19.1430 14.34085617    88
