METEOSAT-7              
1 24932U 97049B   17065.48872354  .00000027  00000-0  00000-0 0  9998
2 24932  10.5350  38.1680 0001752 318.0452  41.9890  1.00277857 71422
NOAA 15                 
1 25338U 98030A   17066.45940069  .00000030  00000-0  31566-4 0  9996
2 25338  98.7852  77.1525 0011344 137.9555 222.2497 14.25779930978512
METEOSAT-8 (MSG-1)      
1 27509U 02040B   17066.16730309  .00000116  00000-0  00000+0 0  9995
2 27509   4.6648  58.7305 0000651 230.6469 337.2746  1.00276854 53264
KALPANA-1 (METSAT 1)    
1 27525U 02043A   17065.49524488 -.00000100  00000-0  00000+0 0  9994
2 27525   6.1792  55.9047 0015229 234.6802 125.3248  1.00273734 53057
INSAT-3A                
1 27714U 03013A   17066.50648995 -.00000057  00000-0  00000+0 0  9996
2 27714   0.9412  88.5398 0016591 231.6959 283.6198  0.99797926 50962
NOAA 18                 
1 28654U 05018A   17066.53527028  .00000030  00000-0  41459-4 0  9991
2 28654  99.1904  86.2261 0014218   0.9887 359.1309 14.12327555607910
METEOSAT-9 (MSG-2)      
1 28912U 05049B   17066.17395480  .00000034  00000-0  00000+0 0  9993
2 28912   2.0051  70.5932 0000150  29.4215 136.9056  1.00271138 41094
HIMAWARI-7 (MTSAT-2)    
1 28937U 06004A   17065.83129576 -.00000271  00000-0  00000-0 0  9990
2 28937   0.0192 122.7401 0003900 229.6696 256.5617  1.00269348 40494
FORMOSAT-3 FM6          
1 29047U 06011A   17066.44323818  .00000025  00000-0  26087-4 0  9997
2 29047  71.9802  34.7841 0051593 325.4897  34.2893 14.28564731570236
FORMOSAT-3 FM1          
1 29048U 06011B   17066.08943037  .00000028  00000-0  27761-4 0  9992
2 29048  71.9678 307.7722 0045854 282.9346 189.9091 14.28503562572671
FORMOSAT-3 FM5          
1 29049U 06011C   17066.19735681  .00000105  00000-0  58017-4 0  9993
2 29049  72.0191 112.4320 0036470 318.5451  41.2919 14.28547682568468
FORMOSAT-3 FM3          
1 29050U 06011D   17066.16418874  .00000291  00000-0  72111-4 0  9991
2 29050  72.0176  20.6021 0050822 339.7185  20.1947 14.58463228581690
FORMOSAT-3 FM4          
1 29051U 06011E   17066.43052230  .00000079  00000-0  46669-4 0  9995
2 29051  72.0076  16.2067 0069322 197.9735 161.8950 14.28569087571087
FORMOSAT-3 FM2          
1 29052U 06011F   17066.51099675  .00000085  00000-0  49831-4 0  9990
2 29052  72.0330  86.7024 0042468 282.5140  77.1248 14.28659171569416
GOES 13                 
1 29155U 06018A   17065.74984070 -.00000277  00000-0  00000+0 0  9991
2 29155   0.3925 272.7368 0004943 126.3081 320.9620  1.00267373 39530
METOP-A                 
1 29499U 06044A   17065.96178447 -.00000000  00000-0  19874-4 0  9996
2 29499  98.6919 127.2299 0002116 108.5824  19.3257 14.21491669538430
FENGYUN 2D              
1 29640U 06053A   17065.83227367 -.00000385  00000-0  10000-3 0  9993
2 29640   4.2638  64.8715 0004929 344.4124 178.5751  1.00281860 37575
FENGYUN 3A              
1 32958U 08026A   17066.51242182  .00000009  00000-0  23873-4 0  9994
2 32958  98.4199 100.2152 0008887 209.6262 150.4416 14.19652201454913
FENGYUN 2E              
1 33463U 08066A   17065.97017015 -.00000229  00000-0  00000-0 0  9992
2 33463   1.9909  66.3066 0003860 207.7409 326.6225  1.00280807 30108
NOAA 19                 
1 33591U 09005A   17066.52549343  .00000109  00000-0  84450-4 0  9995
2 33591  99.0801  31.9758 0013627 194.3309 165.7478 14.12158966416317
GOES 14                 
1 35491U 09033A   17065.83147070 -.00000122  00000-0  00000+0 0  9991
2 35491   0.0599 116.7385 0006169 127.7089 115.4613  1.00272544 28178
METEOR-M 1              
1 35865U 09049A   17066.51019630  .00000030  00000-0  32484-4 0  9992
2 35865  98.4313  92.6933 0003584  88.2619 271.8970 14.22100272387657
GOES 15                 
1 36411U 10008A   17065.91712584  .00000060  00000-0  00000+0 0  9995
2 36411   0.0243 194.6159 0000695 298.3288 227.0330  1.00281120 25707
COMS 1                  
1 36744U 10032A   17066.13887236 -.00000372  00000-0  00000+0 0  9990
2 36744   0.0162 134.4090 0001238 220.0178 348.7806  1.00270914 24668
FENGYUN 3B              
1 37214U 10059A   17066.56015617  .00000011  00000-0  28164-4 0  9990
2 37214  98.8823  25.7024 0018212  68.8496 291.4620 14.15842821328162
ELEKTRO-L 1 (GOMS 2)    
1 37344U 11001A   17065.05948279 -.00000238  00000-0  00000+0 0  9990
2 37344   2.2289  78.2674 0004201 265.1742 173.5926  1.00234382 22475
SUOMI NPP               
1 37849U 11061A   17066.17448440  .00000018  00000-0  29151-4 0  9993
2 37849  98.7272   6.3166 0001911  83.8167  27.8043 14.19561528277614
FENGYUN 2F              
1 38049U 12002A   17065.92185126 -.00000384  00000-0  00000+0 0  9997
2 38049   1.5071  77.9167 0002203 161.4687   9.4115  1.00276885 18902
METEOSAT-10 (MSG-3)     
1 38552U 12035B   17065.54400855 -.00000034  00000-0  00000+0 0  9991
2 38552   0.7219  47.1325 0000824 219.8279  93.0039  1.00268298 17231
METOP-B                 
1 38771U 12049A   17066.19911111 -.00000001  00000-0  19364-4 0  9995
2 38771  98.6923 128.0102 0001737 132.5069 294.6356 14.21492380231783
FENGYUN 3C              
1 39260U 13052A   17066.48896529  .00000008  00000-0  24445-4 0  9993
2 39260  98.6590 138.4896 0000751  74.3782 285.7475 14.19641347178950
METEOR-M 2              
1 40069U 14037A   17066.46107133 -.00000012  00000-0  14435-4 0  9994
2 40069  98.6683 123.2323 0006161 138.2883 221.8765 14.20640129138118
HIMAWARI-8              
1 40267U 14060A   17066.15074744 -.00000304  00000-0  00000+0 0  9999
2 40267   0.0085 193.8879 0001156 140.9912  25.0867  1.00272563  8886
FENGYUN 2G              
1 40367U 14090A   17066.03016944 -.00000357  00000-0  00000+0 0  9996
2 40367   0.6448 263.3417 0003297 310.8671  65.9322  1.00280931  8051
METEOSAT-11 (MSG-4)     
1 40732U 15034A   17066.23305360 -.00000055  00000-0  00000+0 0  9991
2 40732   2.0060 246.4130 0001665  73.1136 286.2902  1.00278339  6069
ELEKTRO-L 2             
1 41105U 15074A   17066.22309997 -.00000126  00000-0  00000+0 0  9998
2 41105   0.0599 299.4816 0001413 109.4070 272.6181  1.00271910  4535
HIMAWARI-9              
1 41836U 16064A   17066.15046555 -.00000303  00000-0  00000+0 0  9996
2 41836   0.0203 140.6755 0001220 197.6054  21.7139  1.00269865  1320
GOES 16                 
1 41866U 16071A   17065.79108325 -.00000210  00000-0  00000+0 0  9997
2 41866   0.0474 318.0624 0001913  42.3985 359.5113  1.00272255  1126
FENGYUN 4A              
1 41882U 16077A   17065.96844363 -.00000328  00000-0  00000-0 0  9990
2 41882   0.2206 271.4752 0002637 234.1891 107.0366  1.00281252   991
CYGFM05                 
1 41884U 16078A   17066.02226531  .00000855  00000-0  48476-4 0  9999
2 41884  34.9582 298.5773 0015686 154.6487 205.4997 15.13431755 12352
CYGFM04                 
1 41885U 16078B   17065.93648399  .00000802  00000-0  45150-4 0  9997
2 41885  34.9526 298.7858 0014027 152.3138 207.8321 15.13789593 12345
CYGFM02                 
1 41886U 16078C   17065.94462460  .00000890  00000-0  50080-4 0  9997
2 41886  34.9605 298.9045 0014695 152.8791 207.2691 15.13634898 12346
CYGFM01                 
1 41887U 16078D   17065.89488530  .00003755  00000-0  20681-3 0  9994
2 41887  34.9515 299.4098 0015660 153.2825 206.8698 15.13396438 12333
CYGFM08                 
1 41888U 16078E   17065.95221268  .00002861  00000-0  15746-3 0  9998
2 41888  34.9497 298.9171 0015332 154.5695 205.5773 15.13529782 12334
CYGFM06                 
1 41889U 16078F   17065.92897639  .00000969  00000-0  53943-4 0  9996
2 41889  34.9604 298.7733 0013593 152.1636 207.9798 15.13930092 12336
CYGFM07                 
1 41890U 16078G   17065.92479201  .00001944  00000-0  10616-3 0  9992
2 41890  34.9526 298.7040 0013287 152.7383 207.3973 15.14031970 12334
CYGFM03                 
1 41891U 16078H   17066.05254914  .00001017  00000-0  56325-4 0  9999
2 41891  34.9567 297.8688 0012781 153.1322 207.0053 15.14073687 12353
