NOAA 15                 
1 25338U 98030A   17013.54599101  .00000002  00000-0  19970-4 0  9999
2 25338  98.7842  24.1302 0009705 298.5664  61.4538 14.25773044970969
NOAA 18                 
1 28654U 05018A   17013.47289762  .00000025  00000-0  38783-4 0  9996
2 28654  99.1924  31.8265 0014894 142.9909 217.2292 14.12321640600427
METOP-A                 
1 29499U 06044A   17014.21468160  .00000005  00000-0  22164-4 0  9992
2 29499  98.7015  76.2475 0000209 181.6976 245.9841 14.21494500531265
NOAA 19                 
1 33591U 09005A   17013.52735542  .00000091  00000-0  74458-4 0  9992
2 33591  99.0712 338.3390 0013944 351.4085   8.6845 14.12144060408823
METOP-B                 
1 38771U 12049A   17013.19669608  .00000006  00000-0  22723-4 0  9995
2 38771  98.7020  75.7884 0000797  30.4394  36.1324 14.21502453224250
SARAL                   
1 39086U 13009A   17013.82377278 -.00000023  00000-0  76201-5 0  9992
2 39086  98.5376 203.8377 0001270  37.7815 322.3457 14.31991254203018
