IRIDIUM 8 [+]           
1 24792U 97020A   17037.90899244  .00000041  00000-0  75165-5 0  9999
2 24792  86.3966  13.1462 0002159  89.2062 270.9381 14.34213382 34294
IRIDIUM 7 [+]           
1 24793U 97020B   17037.90260556  .00000034  00000-0  50002-5 0  9993
2 24793  86.3971  13.4244 0002174  88.0235 272.1210 14.34213546 34295
IRIDIUM 6 [+]           
1 24794U 97020C   17037.89621915  .00000082  00000-0  22074-4 0  9992
2 24794  86.3970  13.3609 0002181  87.0226 273.1220 14.34214737 34280
IRIDIUM 5 [+]           
1 24795U 97020D   17037.89004827  .00000123  00000-0  36745-4 0  9996
2 24795  86.3962  13.3744 0002138  86.2128 273.9313 14.34209661 34568
IRIDIUM 4 [-]           
1 24796U 97020E   17038.46862043  .00000115  00000-0  33487-4 0  9994
2 24796  86.3965  12.1559 0002194  89.9769  23.4269 14.35138242 34707
IRIDIUM 914 [-]         
1 24836U 97030A   17037.92788815  .00000111  00000-0  29657-4 0  9994
2 24836  86.3925  29.4879 0002716 126.3026 233.8423 14.38736693168115
IRIDIUM 12 [+]          
1 24837U 97030B   17038.55610767 -.00000036  00000-0 -19769-4 0  9996
2 24837  86.3930  44.2811 0002053  87.3237  26.8389 14.34216327 28363
IRIDIUM 10 [+]          
1 24839U 97030D   17038.54323233 -.00000032  00000-0 -18456-4 0  9994
2 24839  86.3930  44.2670 0002075  88.1240  24.8079 14.34216324 28377
IRIDIUM 13 [+]          
1 24840U 97030E   17037.56357877 -.00000021  00000-0 -14618-4 0  9992
2 24840  86.3931  44.8143 0001900  87.4398 272.7015 14.34216156 28224
IRIDIUM 16 [-]          
1 24841U 97030F   17038.51625060  .00000128  00000-0  36607-4 0  9999
2 24841  86.4012  44.3182 0002847  38.2256 321.9143 14.36687909 28962
IRIDIUM 911 [-]         
1 24842U 97030G   17038.54062948  .00000137  00000-0  33332-4 0  9995
2 24842  86.4437  45.1694 0015346 153.9530 206.2448 14.44930130 34224
IRIDIUM 15 [+]          
1 24869U 97034A   17037.53524128  .00000093  00000-0  26298-4 0  9993
2 24869  86.3932  76.7368 0002334  90.3482 269.7981 14.34219553 25182
IRIDIUM 17 [-]          
1 24870U 97034B   17038.53811033  .00000118  00000-0  34001-4 0  9999
2 24870  86.3932  74.5158 0000404  54.7103 305.4131 14.35735108 25575
IRIDIUM 920 [-]         
1 24871U 97034C   17037.96349716  .00000104  00000-0  26785-4 0  9995
2 24871  86.3941  61.2457 0013469  55.1805 305.0659 14.39450303 27354
IRIDIUM 18 [+]          
1 24872U 97034D   17037.51619553  .00000008  00000-0 -43849-5 0  9991
2 24872  86.3934  76.7113 0002175  87.8028 272.3417 14.34217892 25184
IRIDIUM 921 [-]         
1 24873U 97034E   17037.66320246  .00001129  00000-0  65301-4 0  9996
2 24873  86.3955 127.6869 0009715 127.2955 232.9171 15.11090517 68104
IRIDIUM 26 [-]          
1 24903U 97043A   17037.86322507  .00000078  00000-0  20257-4 0  9997
2 24903  86.3988 309.3703 0002184  82.5865 320.0794 14.35236980 18809
IRIDIUM 25 [+]          
1 24904U 97043B   17037.88311200  .00000140  00000-0  43012-4 0  9992
2 24904  86.3979 309.9147 0002181  80.9528 279.1914 14.34221663 18947
IRIDIUM 46 [+]          
1 24905U 97043C   17037.82601119  .00000153  00000-0  47516-4 0  9995
2 24905  86.2846 310.1404 0001900  83.3676 276.7736 14.34218456 19143
IRIDIUM 23 [+]          
1 24906U 97043D   17037.89890128  .00000155  00000-0  48137-4 0  9995
2 24906  86.3993 309.9371 0002261  84.0098 324.7271 14.34219786 18889
IRIDIUM 22 [+]          
1 24907U 97043E   17038.35247495  .00000182  00000-0  57978-4 0  9994
2 24907  86.3990 310.3724 0002136  83.7757 276.3682 14.34221487 19222
DUMMY MASS 1 [-]        
1 24925U 97048A   17038.20840411  .00000069  00000-0  47481-5 0  9993
2 24925  86.3348 103.3695 0008752 129.7071 230.4926 14.85118613 52294
DUMMY MASS 2 [-]        
1 24926U 97048B   17037.75488148  .00000065  00000-0  42628-5 0  9992
2 24926  86.3351 104.6733 0009266 138.3424 221.8507 14.84886769 51836
IRIDIUM 29 [-]          
1 24944U 97051A   17037.89057504  .00000054  00000-0  12092-4 0  9998
2 24944  86.3994 341.3846 0002088  96.8725 263.2709 14.34621387 15530
IRIDIUM 32 [+]          
1 24945U 97051B   17038.38128170  .00000151  00000-0  46923-4 0  9990
2 24945  86.3991 341.3720 0002214  86.1605 273.9844 14.34220024 15811
IRIDIUM 33 [-]          
1 24946U 97051C   17037.93413908  .00000079  00000-0  21303-4 0  9991
2 24946  86.3909 341.2570 0006459 320.3108  39.7614 14.33535806 15368
IRIDIUM 28 [-]          
1 24948U 97051E   17037.91997732  .00000097  00000-0  26891-4 0  9990
2 24948  86.3999 340.6798 0002143  78.2439 281.8998 14.35530403 15822
IRIDIUM 30 [+]          
1 24949U 97051F   17038.37499226  .00000006  00000-0 -49050-5 0  9991
2 24949  86.4009 341.4827 0002101  67.7632 292.3787 14.34229376 15792
IRIDIUM 31 [+]          
1 24950U 97051G   17038.43835825  .00000159  00000-0  49664-4 0  9997
2 24950  86.3992 341.4410 0002048  87.4682 272.6748 14.34220268 15818
IRIDIUM 19 [+]          
1 24965U 97056A   17037.93441405  .00000044  00000-0  85472-5 0  9990
2 24965  86.3968  13.1463 0002146  87.8354 272.3088 14.34212275 13885
IRIDIUM 35 [+]          
1 24966U 97056B   17038.50523780  .00000064  00000-0  15634-4 0  9996
2 24966  86.3968  12.9025 0002165  88.8628 271.2816 14.34213616 13947
IRIDIUM 36 [-]          
1 24967U 97056C   17037.92959915  .00000063  00000-0  14851-4 0  9994
2 24967  86.3980  12.3031 0002033  91.1067 269.0362 14.35582737 14172
IRIDIUM 37 [+]          
1 24968U 97056D   17038.47987540  .00000017  00000-0 -10782-5 0  9991
2 24968  86.3967  13.0962 0002073  86.3155 273.8278 14.34209376 13944
IRIDIUM 34 [+]          
1 24969U 97056E   17038.42909811 -.00000057  00000-0 -27554-4 0  9991
2 24969  86.3967  13.0541 0002051  83.1830 276.9599 14.34211308 13936
IRIDIUM 43 [+]          
1 25039U 97069A   17038.55637269  .00000094  00000-0  26427-4 0  9990
2 25039  86.3934  76.2118 0002058  96.8037 263.3393 14.34217012  7738
IRIDIUM 41 [+]          
1 25040U 97069B   17038.55003211 -.00000010  00000-0 -10568-4 0  9995
2 25040  86.3931  76.1609 0002197  86.3436 273.8011 14.34217811  7732
IRIDIUM 40 [+]          
1 25041U 97069C   17038.57544773  .00000093  00000-0  26165-4 0  9990
2 25041  86.3932  76.3810 0001490 122.6008 237.5331 14.34223649  7754
IRIDIUM 39 [B]          
1 25042U 97069D   17038.55512770  .00000135  00000-0  32140-4 0  9998
2 25042  86.3890  74.5309 0019964  30.0768 330.1576 14.46126072  7982
IRIDIUM 38 [-]          
1 25043U 97069E   17038.61400549  .00000101  00000-0  27920-4 0  9999
2 25043  86.3930  73.4718 0002267  55.0033 305.1376 14.36007775  8135
IRIDIUM 42 [-]          
1 25077U 97077A   17038.51759258  .00000129  00000-0  38733-4 0  9992
2 25077  86.3934  76.1451 0002231  87.7926 272.3525 14.34524639  3603
IRIDIUM 44 [-]          
1 25078U 97077B   17038.51855074  .00000120  00000-0  33003-4 0  9992
2 25078  86.3929  66.0349 0002006  43.9522 316.1835 14.38096338  4996
IRIDIUM 45 [+]          
1 25104U 97082A   17038.57157388  .00000182  00000-0  57863-4 0  9995
2 25104  86.3989 341.4198 0002614  60.3620 299.7836 14.34215263  1799
IRIDIUM 24 [-]          
1 25105U 97082B   17038.29406634  .00000080  00000-0  19140-4 0  9999
2 25105  86.3930 290.3171 0013464  57.9312 302.3192 14.39833777  4165
IRIDIUM 47 [+]          
1 25106U 97082C   17038.32077223  .00000144  00000-0  44387-4 0  9994
2 25106  86.3977 309.6070 0002252  84.4200 275.7253 14.34220768  1751
IRIDIUM 49 [+]          
1 25108U 97082E   17038.36021314  .00000164  00000-0  51565-4 0  9998
2 25108  86.3979 309.6897 0002199  83.4010  54.8327 14.34220969  1762
IRIDIUM 52 [+]          
1 25169U 98010A   17038.50231446 -.00000030  00000-0 -17617-4 0  9996
2 25169  86.3935  44.5942 0002038  87.2561 272.8868 14.34216245993193
IRIDIUM 56 [+]          
1 25170U 98010B   17038.56580381  .00000012  00000-0 -28324-5 0  9996
2 25170  86.3929  44.6675 0002166  81.9900 278.1541 14.34213183993186
IRIDIUM 54 [+]          
1 25171U 98010C   17038.52768024 -.00000037  00000-0 -20212-4 0  9990
2 25171  86.3935  44.6038 0002039  87.6167 272.5262 14.34216271993341
IRIDIUM 50 [+]          
1 25172U 98010D   17038.55937779 -.00000035  00000-0 -19595-4 0  9999
2 25172  86.3935  44.5474 0002085  90.1330 270.0105 14.34216546993183
IRIDIUM 53 [+]          
1 25173U 98010E   17038.50868708  .00000052  00000-0  11372-4 0  9992
2 25173  86.3937  44.5741 0002122  91.4400 268.7039 14.34215593993188
IRIDIUM 51 [S]          
1 25262U 98018A   17038.45466499  .00000081  00000-0  21924-4 0  9990
2 25262  86.3977  13.2320 0002411  94.6465 265.5006 14.34215143992565
IRIDIUM 61 [+]          
1 25263U 98018B   17038.41652003  .00000060  00000-0  14408-4 0  9991
2 25263  86.3970  13.0878 0002176  88.1703 271.9742 14.34210733988266
IRIDIUM 55 [+]          
1 25272U 98019A   17038.41934406  .00000144  00000-0  44390-4 0  9998
2 25272  86.3991 341.2652 0002208  85.5587 274.5861 14.34219456987465
IRIDIUM 57 [-]          
1 25273U 98019B   17038.39040057  .00000071  00000-0  18339-4 0  9999
2 25273  86.3999 341.5797 0002168  91.2622 268.8822 14.34255768987465
IRIDIUM 58 [+]          
1 25274U 98019C   17038.33053136  .00000144  00000-0  44379-4 0  9990
2 25274  86.3997 341.7978 0002289  85.4050 274.7407 14.34220102987459
IRIDIUM 59 [+]          
1 25275U 98019D   17038.40664794  .00000145  00000-0  44693-4 0  9997
2 25275  86.3992 341.6261 0002211  88.5551 271.5898 14.34220079987467
IRIDIUM 60 [+]          
1 25276U 98019E   17038.41299210  .00000157  00000-0  49033-4 0  9992
2 25276  86.3989 341.2482 0002198  85.5595 274.5851 14.34220048987462
IRIDIUM 62 [+]          
1 25285U 98021A   17038.58371621  .00000112  00000-0  32852-4 0  9992
2 25285  86.3948 278.0817 0002150  85.6285 274.5156 14.34221663986440
IRIDIUM 63 [-]          
1 25286U 98021B   17038.63603959  .00000084  00000-0  22802-4 0  9993
2 25286  86.3978 278.4621 0002131  93.8927 322.2081 14.34639830986474
IRIDIUM 64 [+]          
1 25287U 98021C   17038.59637176  .00000113  00000-0  33150-4 0  9998
2 25287  86.3955 278.1184 0001736  79.6631 280.4760 14.34217079986426
IRIDIUM 65 [+]          
1 25288U 98021D   17038.60273288  .00000106  00000-0  30767-4 0  9994
2 25288  86.3946 278.0210 0002161  83.4308 276.7134 14.34222295986444
IRIDIUM 66 [+]          
1 25289U 98021E   17038.60905879  .00000164  00000-0  51454-4 0  9993
2 25289  86.3946 277.9228 0002156  85.2671 274.8771 14.34217568986431
IRIDIUM 67 [+]          
1 25290U 98021F   17038.61541578  .00000112  00000-0  32793-4 0  9996
2 25290  86.3947 278.0546 0002059  85.8549 274.2882 14.34222231986453
IRIDIUM 68 [+]          
1 25291U 98021G   17038.62176412  .00000107  00000-0  31221-4 0  9998
2 25291  86.3949 278.1683 0002013  84.4734 275.6691 14.34221977986426
IRIDIUM 69 [-]          
1 25319U 98026A   17038.32534376  .00000071  00000-0  16778-4 0  9998
2 25319  86.4005 300.3564 0002472  37.5301 322.6069 14.38649708984368
IRIDIUM 71 [-]          
1 25320U 98026B   17038.28342270  .00000108  00000-0  28555-4 0  9992
2 25320  86.3983 296.3255 0003972  69.8854 290.2772 14.39061605984784
IRIDIUM 70 [+]          
1 25342U 98032A   17038.58917354  .00000076  00000-0  19920-4 0  9997
2 25342  86.3954 278.4178 0002200  85.5385 335.6357 14.34217384980521
IRIDIUM 72 [+]          
1 25343U 98032B   17038.63443611  .00000110  00000-0  32354-4 0  9999
2 25343  86.3947 278.0189 0002091  85.4403 274.7031 14.34222070980531
IRIDIUM 73 [-]          
1 25344U 98032C   17038.59362161  .00000128  00000-0  28308-4 0  9998
2 25344  86.4402 257.6869 0002667 100.4649 259.6856 14.49008291988781
IRIDIUM 74 [S]          
1 25345U 98032D   17038.63911157  .00000117  00000-0  29283-4 0  9990
2 25345  86.4463 278.4067 0008632  97.3392 292.0006 14.42446606984061
IRIDIUM 75 [+]          
1 25346U 98032E   17038.58316880  .00000114  00000-0  33772-4 0  9992
2 25346  86.3950 278.2882 0002065  85.9376 336.8968 14.34222167981093
IRIDIUM 3 [+]           
1 25431U 98048A   17038.37134399  .00000168  00000-0  52960-4 0  9993
2 25431  86.3983 309.9850 0002242  83.1209  47.0591 14.34220596967005
IRIDIUM 76 [+]          
1 25432U 98048B   17038.39147147  .00000158  00000-0  49452-4 0  9992
2 25432  86.3980 309.7349 0002167  87.6108  48.2682 14.34220904966991
IRIDIUM 82 [+]          
1 25467U 98051A   17038.54376314  .00000081  00000-0  22005-4 0  9991
2 25467  86.3910  76.3629 0002039  85.1298 275.0130 14.34216074968039
IRIDIUM 81 [+]          
1 25468U 98051B   17038.60712727  .00000086  00000-0  23513-4 0  9991
2 25468  86.3930  75.9646 0002124  96.1012 264.0426 14.34219335964267
IRIDIUM 80 [+]          
1 25469U 98051C   17038.60968072 -.00000005  00000-0 -87673-5 0  9999
2 25469  86.3934  76.2453 0001992  93.1291  18.3923 14.34218024964266
IRIDIUM 77 [+]          
1 25471U 98051E   17038.61606986 -.00000019  00000-0 -13808-4 0  9999
2 25471  86.3924  75.8223 0002214  91.5079  20.2882 14.34217818969465
IRIDIUM 2 [-]           
1 25527U 98066A   17038.57997371  .00001196  00000-0  60060-4 0  9990
2 25527  85.5306 108.7511 0008653 192.3687 167.7341 15.16154034998231
IRIDIUM 86 [+]          
1 25528U 98066B   17038.55304059 -.00000044  00000-0 -22948-4 0  9990
2 25528  86.3925  43.9969 0002289  84.9479 275.1978 14.34216136960789
IRIDIUM 84 [+]          
1 25530U 98066D   17038.51499627 -.00000036  00000-0 -19811-4 0  9991
2 25530  86.3927  44.1757 0002125  88.3158 271.8282 14.34216120958414
IRIDIUM 83 [+]          
1 25531U 98066E   17038.54669927 -.00000034  00000-0 -19363-4 0  9997
2 25531  86.3930  44.2825 0002062  87.3270 272.8162 14.34216620955779
IRIDIUM 20 [+]          
1 25577U 98074A   17038.25734176  .00000169  00000-0  53404-4 0  9994
2 25577  86.3979 309.7139 0002117  83.3967 276.7470 14.34220905949813
IRIDIUM 11 [+]          
1 25578U 98074B   17038.36652691  .00000115  00000-0  34173-4 0  9991
2 25578  86.3979 309.8712 0002086  80.3083  57.8590 14.34221409958791
IRIDIUM 14 [+]          
1 25777U 99032A   17038.59005432  .00000119  00000-0  35347-4 0  9995
2 25777  86.3949 278.1177 0002201  84.5320 275.6127 14.34221766936104
IRIDIUM 21 [+]          
1 25778U 99032B   17038.62809518  .00000105  00000-0  30252-4 0  9992
2 25778  86.3948 278.1224 0002008  89.8459 270.2967 14.34222515929549
IRIDIUM 91 [+]          
1 27372U 02005A   17038.41103098  .00000148  00000-0  45653-4 0  9993
2 27372  86.3390 341.7155 0002484  80.2473  40.6824 14.34218474793023
IRIDIUM 90 [S]          
1 27373U 02005B   17038.51272410 -.00000029  00000-0 -14858-4 0  9993
2 27373  86.4441  44.2763 0002308  87.8643 272.2822 14.42946777792651
IRIDIUM 94 [+]          
1 27374U 02005C   17038.31158074  .00000172  00000-0  54480-4 0  9993
2 27374  86.3981 310.0207 0002712  94.6998  21.6590 14.34220916797334
IRIDIUM 95 [+]          
1 27375U 02005D   17038.42566125  .00000137  00000-0  41730-4 0  9991
2 27375  86.3763 341.7264 0002263  86.2350 273.9105 14.34213123792316
IRIDIUM 96 [+]          
1 27376U 02005E   17038.54323815  .00000055  00000-0  12617-4 0  9993
2 27376  86.3998  13.3626 0002045 123.2965 236.8426 14.34213945797538
IRIDIUM 97 [+]          
1 27450U 02031A   17038.44178114  .00000022  00000-0  93233-6 0  9993
2 27450  86.3967  13.1282 0001966  85.4676 274.6744 14.34212902771630
IRIDIUM 98 [+]          
1 27451U 02031B   17038.53203441  .00000007  00000-0 -47024-5 0  9996
2 27451  86.3926  76.4312 0002010  89.8294  79.1848 14.34218329772720
